0.000000	2.000130
1.000000	2.000342
2.000000	2.000180
3.000000	2.000205
4.000000	2.000361
5.000000	2.000214
6.000000	2.000833
7.000000	2.002275
8.000000	2.003560
9.000000	2.004925
10.000000	2.005998
11.000000	2.007176
12.000000	2.007897
13.000000	2.008844
14.000000	2.009585
15.000000	2.010596
16.000000	2.011448
17.000000	2.011985
18.000000	2.013054
19.000000	2.013558
20.000000	2.014433
21.000000	2.015069
22.000000	2.015851
23.000000	2.016257
24.000000	2.017102
25.000000	2.017762
26.000000	2.018446
27.000000	2.019153
28.000000	2.019620
29.000000	2.020234
30.000000	2.021078
31.000000	2.021643
32.000000	2.022209
33.000000	2.022639
34.000000	2.023420
35.000000	2.023869
36.000000	2.024661
37.000000	2.025288
38.000000	2.025703
39.000000	2.026339
40.000000	2.027160
41.000000	2.027706
42.000000	2.028031
43.000000	2.028636
44.000000	2.029223
45.000000	2.029930
46.000000	2.030407
47.000000	2.031246
48.000000	2.031675
49.000000	2.032288
50.000000	2.032938
51.000000	2.033535
52.000000	2.033988
53.000000	2.034839
54.000000	2.035287
55.000000	2.035879
56.000000	2.036449
57.000000	2.036955
58.000000	2.037275
59.000000	2.038099
60.000000	2.038780
61.000000	2.039325
62.000000	2.039883
63.000000	2.040344
64.000000	2.040878
65.000000	2.041581
66.000000	2.042296
67.000000	2.042601
68.000000	2.043254
69.000000	2.043891
70.000000	2.044251
71.000000	2.044859
72.000000	2.045390
73.000000	2.046078
74.000000	2.046564
75.000000	2.047342
76.000000	2.047897
77.000000	2.048452
78.000000	2.048786
79.000000	2.049654
80.000000	2.049949
81.000000	2.050545
82.000000	2.050975
83.000000	2.051674
84.000000	2.052383
85.000000	2.052866
86.000000	2.053431
87.000000	2.053911
88.000000	2.054434
89.000000	2.054942
90.000000	2.055620
91.000000	2.056274
92.000000	2.056951
93.000000	2.057408
94.000000	2.057869
95.000000	2.058380
96.000000	2.059079
97.000000	2.059616
98.000000	2.060228
99.000000	2.060789
100.000000	2.061291
101.000000	2.061777
102.000000	2.062259
103.000000	2.062982
104.000000	2.063644
105.000000	2.064028
106.000000	2.064579
107.000000	2.065152
108.000000	2.065751
109.000000	2.066317
110.000000	2.066861
111.000000	2.067537
112.000000	2.068204
113.000000	2.068852
114.000000	2.069235
115.000000	2.069875
116.000000	2.070320
117.000000	2.070874
118.000000	2.071504
119.000000	2.072091
120.000000	2.072807
121.000000	2.073199
122.000000	2.073791
123.000000	2.074166
124.000000	2.074835
125.000000	2.075573
126.000000	2.075875
127.000000	2.076482
128.000000	2.076967
129.000000	2.077700
130.000000	2.078396
131.000000	2.078835
132.000000	2.079399
133.000000	2.080029
134.000000	2.080457
135.000000	2.081324
136.000000	2.081528
137.000000	2.082275
138.000000	2.082591
139.000000	2.083484
140.000000	2.083817
141.000000	2.084560
142.000000	2.085056
143.000000	2.085668
144.000000	2.086111
145.000000	2.086730
146.000000	2.087310
147.000000	2.088082
148.000000	2.088498
149.000000	2.089129
150.000000	2.089813
151.000000	2.090196
152.000000	2.090701
153.000000	2.091102
154.000000	2.091985
155.000000	2.092714
156.000000	2.093050
157.000000	2.093465
158.000000	2.094190
159.000000	2.094725
160.000000	2.095203
161.000000	2.095997
162.000000	2.096446
163.000000	2.096983
164.000000	2.097577
165.000000	2.098175
166.000000	2.098892
167.000000	2.099487
168.000000	2.099693
169.000000	2.100611
170.000000	2.101175
171.000000	2.101617
172.000000	2.102268
173.000000	2.102536
174.000000	2.103227
175.000000	2.103970
176.000000	2.104522
177.000000	2.105212
178.000000	2.105561
179.000000	2.106184
180.000000	2.106724
181.000000	2.107387
182.000000	2.107926
183.000000	2.108709
184.000000	2.109158
185.000000	2.109702
186.000000	2.110330
187.000000	2.110820
188.000000	2.111543
189.000000	2.111877
190.000000	2.112302
191.000000	2.113129
192.000000	2.113726
193.000000	2.114107
194.000000	2.114703
195.000000	2.115111
196.000000	2.115912
197.000000	2.116489
198.000000	2.117113
199.000000	2.117721
200.000000	2.118195
201.000000	2.118664
202.000000	2.119503
203.000000	2.120030
204.000000	2.120819
205.000000	2.121224
206.000000	2.121589
207.000000	2.122159
208.000000	2.122908
209.000000	2.123434
210.000000	2.124045
211.000000	2.124513
212.000000	2.125364
213.000000	2.125689
214.000000	2.126450
215.000000	2.126744
216.000000	2.127490
217.000000	2.128018
218.000000	2.128534
219.000000	2.129158
220.000000	2.129670
221.000000	2.130339
222.000000	2.130978
223.000000	2.131481
224.000000	2.132129
225.000000	2.132488
226.000000	2.133196
227.000000	2.133664
228.000000	2.134241
229.000000	2.134856
230.000000	2.135169
231.000000	2.135910
232.000000	2.136730
233.000000	2.137397
234.000000	2.137830
235.000000	2.138233
236.000000	2.138831
237.000000	2.139561
238.000000	2.139965
239.000000	2.140452
240.000000	2.141238
241.000000	2.141719
242.000000	2.142504
243.000000	2.143043
244.000000	2.143797
245.000000	2.144324
246.000000	2.144657
247.000000	2.145187
248.000000	2.145936
249.000000	2.146395
250.000000	2.147069
251.000000	2.147738
252.000000	2.148175
253.000000	2.148601
254.000000	2.149466
255.000000	2.149692
256.000000	2.150459
257.000000	2.150990
258.000000	2.151722
259.000000	2.152130
260.000000	2.152845
261.000000	2.153388
262.000000	2.153807
263.000000	2.154585
264.000000	2.155486
265.000000	2.155746
266.000000	2.156209
267.000000	2.156868
268.000000	2.157498
269.000000	2.157998
270.000000	2.158727
271.000000	2.159284
272.000000	2.160065
273.000000	2.160172
274.000000	2.161186
275.000000	2.161731
276.000000	2.162298
277.000000	2.162787
278.000000	2.163326
279.000000	2.163769
280.000000	2.164448
281.000000	2.165085
282.000000	2.165630
283.000000	2.166367
284.000000	2.166626
285.000000	2.167521
286.000000	2.168114
287.000000	2.168542
288.000000	2.169217
289.000000	2.169770
290.000000	2.170152
291.000000	2.171006
292.000000	2.171377
293.000000	2.172108
294.000000	2.172630
295.000000	2.173253
296.000000	2.173690
297.000000	2.174309
298.000000	2.175051
299.000000	2.175460
300.000000	2.176160
301.000000	2.176624
302.000000	2.177229
303.000000	2.177974
304.000000	2.178493
305.000000	2.178948
306.000000	2.179648
307.000000	2.179990
308.000000	2.180700
309.000000	2.181451
310.000000	2.181808
311.000000	2.182369
312.000000	2.183026
313.000000	2.183801
314.000000	2.184229
315.000000	2.184694
316.000000	2.185420
317.000000	2.185672
318.000000	2.186793
319.000000	2.187151
320.000000	2.187765
321.000000	2.188321
322.000000	2.188799
323.000000	2.189431
324.000000	2.189985
325.000000	2.190568
326.000000	2.191186
327.000000	2.191689
328.000000	2.192289
329.000000	2.192993
330.000000	2.193528
331.000000	2.194289
332.000000	2.194696
333.000000	2.195297
334.000000	2.195893
335.000000	2.196660
336.000000	2.197159
337.000000	2.197593
338.000000	2.198232
339.000000	2.198783
340.000000	2.199417
341.000000	2.199873
342.000000	2.200853
343.000000	2.201241
344.000000	2.201877
345.000000	2.202423
346.000000	2.203164
347.000000	2.203668
348.000000	2.204184
349.000000	2.204782
350.000000	2.205191
351.000000	2.205922
352.000000	2.206438
353.000000	2.206978
354.000000	2.207737
355.000000	2.208081
356.000000	2.208963
357.000000	2.209509
358.000000	2.210113
359.000000	2.210479
360.000000	2.211244
361.000000	2.211859
362.000000	2.212489
363.000000	2.213165
364.000000	2.213584
365.000000	2.214309
366.000000	2.214871
367.000000	2.215444
368.000000	2.215887
369.000000	2.216473
370.000000	2.217100
371.000000	2.217875
372.000000	2.218347
373.000000	2.218955
374.000000	2.219374
375.000000	2.220158
376.000000	2.220492
377.000000	2.221348
378.000000	2.221671
379.000000	2.222294
380.000000	2.223088
381.000000	2.223529
382.000000	2.224341
383.000000	2.224593
384.000000	2.225474
385.000000	2.225997
386.000000	2.226491
387.000000	2.227137
388.000000	2.227829
389.000000	2.228459
390.000000	2.228858
391.000000	2.229569
392.000000	2.230166
393.000000	2.230598
394.000000	2.231260
395.000000	2.231899
396.000000	2.232604
397.000000	2.233112
398.000000	2.233757
399.000000	2.234161
400.000000	2.234839
401.000000	2.235327
402.000000	2.236023
403.000000	2.236652
404.000000	2.237341
405.000000	2.237937
406.000000	2.238384
407.000000	2.239184
408.000000	2.239620
409.000000	2.240147
410.000000	2.240880
411.000000	2.241373
412.000000	2.242029
413.000000	2.242513
414.000000	2.243241
415.000000	2.243832
416.000000	2.244416
417.000000	2.245048
418.000000	2.245644
419.000000	2.246043
420.000000	2.246872
421.000000	2.247541
422.000000	2.247856
423.000000	2.248364
424.000000	2.249117
425.000000	2.249726
426.000000	2.250211
427.000000	2.250994
428.000000	2.251479
429.000000	2.252037
430.000000	2.252572
431.000000	2.253166
432.000000	2.253993
433.000000	2.254343
434.000000	2.254873
435.000000	2.255772
436.000000	2.256114
437.000000	2.256699
438.000000	2.257462
439.000000	2.257886
440.000000	2.258678
441.000000	2.259212
442.000000	2.259659
443.000000	2.260355
444.000000	2.260745
445.000000	2.261529
446.000000	2.261983
447.000000	2.262579
448.000000	2.263173
449.000000	2.263700
450.000000	2.264292
451.000000	2.264959
452.000000	2.265522
453.000000	2.266141
454.000000	2.266655
455.000000	2.267411
456.000000	2.267927
457.000000	2.268548
458.000000	2.268834
459.000000	2.269686
460.000000	2.270206
461.000000	2.270620
462.000000	2.271392
463.000000	2.272021
464.000000	2.272539
465.000000	2.273050
466.000000	2.273746
467.000000	2.274117
468.000000	2.274765
469.000000	2.275323
470.000000	2.275858
471.000000	2.276689
472.000000	2.277168
473.000000	2.277591
474.000000	2.278503
475.000000	2.278840
476.000000	2.279518
477.000000	2.279875
478.000000	2.280593
479.000000	2.281285
480.000000	2.281634
481.000000	2.282033
482.000000	2.282915
483.000000	2.283403
484.000000	2.284106
485.000000	2.284408
486.000000	2.285265
487.000000	2.285918
488.000000	2.286363
489.000000	2.286865
490.000000	2.287462
491.000000	2.288180
492.000000	2.288609
493.000000	2.289116
494.000000	2.289794
495.000000	2.290338
496.000000	2.291060
497.000000	2.291792
498.000000	2.292111
499.000000	2.292732
500.000000	2.293229
501.000000	2.293996
502.000000	2.294397
503.000000	2.295005
504.000000	2.295778
505.000000	2.296424
506.000000	2.296672
507.000000	2.297551
508.000000	2.298030
509.000000	2.298657
510.000000	2.299195
511.000000	2.299623
512.000000	2.300110
513.000000	2.300910
514.000000	2.301409
515.000000	2.302212
516.000000	2.302555
517.000000	2.303174
518.000000	2.303793
519.000000	2.304409
520.000000	2.305008
521.000000	2.305554
522.000000	2.306006
523.000000	2.306874
524.000000	2.307290
525.000000	2.308050
526.000000	2.308495
527.000000	2.309160
528.000000	2.309607
529.000000	2.310228
530.000000	2.310774
531.000000	2.311534
532.000000	2.311721
533.000000	2.312614
534.000000	2.313242
535.000000	2.313750
536.000000	2.314272
537.000000	2.314839
538.000000	2.315540
539.000000	2.316161
540.000000	2.316695
541.000000	2.317236
542.000000	2.317830
543.000000	2.318490
544.000000	2.319060
545.000000	2.319811
546.000000	2.320330
547.000000	2.320800
548.000000	2.321364
549.000000	2.322028
550.000000	2.322498
551.000000	2.323320
552.000000	2.323650
553.000000	2.324211
554.000000	2.324861
555.000000	2.325569
556.000000	2.325992
557.000000	2.326626
558.000000	2.327094
559.000000	2.327852
560.000000	2.328517
561.000000	2.329074
562.000000	2.329613
563.000000	2.329990
564.000000	2.330699
565.000000	2.331206
566.000000	2.331917
567.000000	2.332374
568.000000	2.332973
569.000000	2.333697
570.000000	2.334194
571.000000	2.334877
572.000000	2.335342
573.000000	2.335821
574.000000	2.336436
575.000000	2.337128
576.000000	2.337839
577.000000	2.338294
578.000000	2.338757
579.000000	2.339689
580.000000	2.340130
581.000000	2.340426
582.000000	2.341091
583.000000	2.341685
584.000000	2.342602
585.000000	2.343220
586.000000	2.343744
587.000000	2.344094
588.000000	2.344981
589.000000	2.345350
590.000000	2.345868
591.000000	2.346603
592.000000	2.347171
593.000000	2.347562
594.000000	2.348183
595.000000	2.348773
596.000000	2.349480
597.000000	2.349988
598.000000	2.350685
599.000000	2.351258
600.000000	2.351656
601.000000	2.352366
602.000000	2.352920
603.000000	2.353652
604.000000	2.354169
605.000000	2.354909
606.000000	2.355077
607.000000	2.355884
608.000000	2.356603
609.000000	2.356901
610.000000	2.357554
611.000000	2.358257
612.000000	2.358881
613.000000	2.359372
614.000000	2.359821
615.000000	2.360545
616.000000	2.360921
617.000000	2.361840
618.000000	2.362394
619.000000	2.362701
620.000000	2.363198
621.000000	2.363863
622.000000	2.364409
623.000000	2.365141
624.000000	2.365724
625.000000	2.366225
626.000000	2.366797
627.000000	2.367439
628.000000	2.368084
629.000000	2.368455
630.000000	2.369078
631.000000	2.369695
632.000000	2.370223
633.000000	2.370921
634.000000	2.371350
635.000000	2.372327
636.000000	2.372535
637.000000	2.373275
638.000000	2.373671
639.000000	2.374158
640.000000	2.375080
641.000000	2.375426
642.000000	2.376126
643.000000	2.376698
644.000000	2.377226
645.000000	2.377814
646.000000	2.378153
647.000000	2.378947
648.000000	2.379344
649.000000	2.380126
650.000000	2.380807
651.000000	2.381289
652.000000	2.381570
653.000000	2.382519
654.000000	2.382788
655.000000	2.383558
656.000000	2.384356
657.000000	2.384725
658.000000	2.385380
659.000000	2.385934
660.000000	2.386604
661.000000	2.386981
662.000000	2.387660
663.000000	2.388073
664.000000	2.388882
665.000000	2.389316
666.000000	2.390023
667.000000	2.390264
668.000000	2.391024
669.000000	2.391601
670.000000	2.392062
671.000000	2.392812
672.000000	2.393217
673.000000	2.393861
674.000000	2.394414
675.000000	2.395001
676.000000	2.395775
677.000000	2.396372
678.000000	2.396905
679.000000	2.397339
680.000000	2.397685
681.000000	2.398655
682.000000	2.399179
683.000000	2.399984
684.000000	2.400244
685.000000	2.400825
686.000000	2.401450
687.000000	2.401994
688.000000	2.402521
689.000000	2.402689
690.000000	2.403529
691.000000	2.404353
692.000000	2.404462
693.000000	2.405455
694.000000	2.405879
695.000000	2.406502
696.000000	2.407090
697.000000	2.407759
698.000000	2.408286
699.000000	2.408799
700.000000	2.409426
701.000000	2.409841
702.000000	2.410639
703.000000	2.411025
704.000000	2.411621
705.000000	2.412198
706.000000	2.412747
707.000000	2.413399
708.000000	2.413974
709.000000	2.414556
710.000000	2.414950
711.000000	2.415809
712.000000	2.416279
713.000000	2.416895
714.000000	2.417427
715.000000	2.417889
716.000000	2.418403
717.000000	2.419013
718.000000	2.419622
719.000000	2.420182
720.000000	2.420694
721.000000	2.421255
722.000000	2.421983
723.000000	2.422528
724.000000	2.422934
725.000000	2.423685
726.000000	2.424159
727.000000	2.424739
728.000000	2.425379
729.000000	2.425828
730.000000	2.426540
731.000000	2.426884
732.000000	2.427604
733.000000	2.428309
734.000000	2.428859
735.000000	2.429237
736.000000	2.429901
737.000000	2.430618
738.000000	2.431065
739.000000	2.431888
740.000000	2.432320
741.000000	2.432691
742.000000	2.433284
743.000000	2.433970
744.000000	2.434345
745.000000	2.434930
746.000000	2.435640
747.000000	2.436358
748.000000	2.436824
749.000000	2.437405
750.000000	2.437930
751.000000	2.438563
752.000000	2.439194
753.000000	2.439710
754.000000	2.440252
755.000000	2.440881
756.000000	2.441450
757.000000	2.442312
758.000000	2.442617
759.000000	2.443223
760.000000	2.443833
761.000000	2.444483
762.000000	2.444862
763.000000	2.445523
764.000000	2.446181
765.000000	2.446718
766.000000	2.447403
767.000000	2.447748
768.000000	2.448539
769.000000	2.448936
770.000000	2.449568
771.000000	2.450308
772.000000	2.450893
773.000000	2.451268
774.000000	2.451939
775.000000	2.452382
776.000000	2.453142
777.000000	2.453533
778.000000	2.454332
779.000000	2.454815
780.000000	2.455440
781.000000	2.456101
782.000000	2.456524
783.000000	2.457195
784.000000	2.457715
785.000000	2.458394
786.000000	2.458735
787.000000	2.459537
788.000000	2.459915
789.000000	2.460618
790.000000	2.461287
791.000000	2.461829
792.000000	2.462249
793.000000	2.462972
794.000000	2.463668
795.000000	2.464117
796.000000	2.464656
797.000000	2.465165
798.000000	2.465689
799.000000	2.466471
800.000000	2.466961
801.000000	2.467555
802.000000	2.468090
803.000000	2.468661
804.000000	2.469169
805.000000	2.469897
806.000000	2.470445
807.000000	2.470911
808.000000	2.471437
809.000000	2.472144
810.000000	2.472837
811.000000	2.473041
812.000000	2.473971
813.000000	2.474300
814.000000	2.475160
815.000000	2.475528
816.000000	2.475946
817.000000	2.476628
818.000000	2.477188
819.000000	2.478091
820.000000	2.478368
821.000000	2.478905
822.000000	2.479738
823.000000	2.480034
824.000000	2.480743
825.000000	2.481258
826.000000	2.481803
827.000000	2.482481
828.000000	2.483007
829.000000	2.483650
830.000000	2.484122
831.000000	2.484781
832.000000	2.485403
833.000000	2.485740
834.000000	2.486447
835.000000	2.486895
836.000000	2.487606
837.000000	2.488138
838.000000	2.488717
839.000000	2.489199
840.000000	2.489834
841.000000	2.490264
842.000000	2.490826
843.000000	2.491567
844.000000	2.492084
845.000000	2.492669
846.000000	2.493384
847.000000	2.493725
848.000000	2.494436
849.000000	2.494885
850.000000	2.495586
851.000000	2.495767
852.000000	2.496461
853.000000	2.497324
854.000000	2.497788
855.000000	2.498365
856.000000	2.499001
857.000000	2.499454
858.000000	2.499909
859.000000	2.500505
860.000000	2.501075
861.000000	2.501731
862.000000	2.502276
863.000000	2.502932
864.000000	2.503431
865.000000	2.503954
866.000000	2.504548
867.000000	2.505129
868.000000	2.505894
869.000000	2.505935
870.000000	2.506661
871.000000	2.507188
872.000000	2.507913
873.000000	2.508563
874.000000	2.508947
875.000000	2.509627
876.000000	2.510380
877.000000	2.510720
878.000000	2.510982
879.000000	2.511820
880.000000	2.512357
881.000000	2.512972
882.000000	2.513458
883.000000	2.513944
884.000000	2.514410
885.000000	2.515105
886.000000	2.515934
887.000000	2.516122
888.000000	2.516713
889.000000	2.517366
890.000000	2.518033
891.000000	2.518210
892.000000	2.518848
893.000000	2.519538
894.000000	2.519886
895.000000	2.520806
896.000000	2.521194
897.000000	2.521823
898.000000	2.522269
899.000000	2.522925
900.000000	2.523489
901.000000	2.523973
902.000000	2.524541
903.000000	2.525085
904.000000	2.525447
905.000000	2.526032
906.000000	2.526638
907.000000	2.527138
908.000000	2.527849
909.000000	2.528575
910.000000	2.529084
911.000000	2.529455
912.000000	2.530160
913.000000	2.530732
914.000000	2.531021
915.000000	2.531696
916.000000	2.532256
917.000000	2.533046
918.000000	2.533417
919.000000	2.534147
920.000000	2.534526
921.000000	2.535176
922.000000	2.535621
923.000000	2.536287
924.000000	2.536780
925.000000	2.537388
926.000000	2.537809
927.000000	2.538459
928.000000	2.538966
929.000000	2.539537
930.000000	2.540272
931.000000	2.540759
932.000000	2.541098
933.000000	2.541838
934.000000	2.542312
935.000000	2.542738
936.000000	2.543689
937.000000	2.543880
938.000000	2.544524
939.000000	2.544932
940.000000	2.545488
941.000000	2.546123
942.000000	2.546953
943.000000	2.547334
944.000000	2.547704
945.000000	2.548458
946.000000	2.548974
947.000000	2.549492
948.000000	2.550158
949.000000	2.550632
950.000000	2.551137
951.000000	2.551829
952.000000	2.552298
953.000000	2.552934
954.000000	2.553272
955.000000	2.553839
956.000000	2.554376
957.000000	2.554850
958.000000	2.555766
959.000000	2.556015
960.000000	2.556592
961.000000	2.557107
962.000000	2.557568
963.000000	2.558338
964.000000	2.558977
965.000000	2.559371
966.000000	2.559982
967.000000	2.560500
968.000000	2.560891
969.000000	2.561699
970.000000	2.562080
971.000000	2.562560
972.000000	2.563185
973.000000	2.563673
974.000000	2.564234
975.000000	2.564876
976.000000	2.565434
977.000000	2.566037
978.000000	2.566560
979.000000	2.567132
980.000000	2.567502
981.000000	2.568161
982.000000	2.568520
983.000000	2.569548
984.000000	2.569886
985.000000	2.570220
986.000000	2.570883
987.000000	2.571210
988.000000	2.571947
989.000000	2.572650
990.000000	2.573075
991.000000	2.573519
992.000000	2.574304
993.000000	2.574667
994.000000	2.575475
995.000000	2.576029
996.000000	2.576422
997.000000	2.576991
998.000000	2.577381
999.000000	2.578184
1000.000000	2.578489
1001.000000	2.579184
1002.000000	2.579914
1003.000000	2.580230
1004.000000	2.580771
1005.000000	2.581366
1006.000000	2.582044
1007.000000	2.582574
1008.000000	2.583157
1009.000000	2.583770
1010.000000	2.583995
1011.000000	2.584806
1012.000000	2.585274
1013.000000	2.585881
1014.000000	2.586085
1015.000000	2.586790
1016.000000	2.587332
1017.000000	2.588190
1018.000000	2.588779
1019.000000	2.589181
1020.000000	2.589544
1021.000000	2.590198
1022.000000	2.590963
1023.000000	2.591363
1024.000000	2.592070
1025.000000	2.592589
1026.000000	2.592988
1027.000000	2.593663
1028.000000	2.594148
1029.000000	2.594822
1030.000000	2.595361
1031.000000	2.595856
1032.000000	2.596369
1033.000000	2.596633
1034.000000	2.597464
1035.000000	2.597968
1036.000000	2.598598
1037.000000	2.599034
1038.000000	2.599563
1039.000000	2.600222
1040.000000	2.600784
1041.000000	2.601305
1042.000000	2.601910
1043.000000	2.602247
1044.000000	2.602893
1045.000000	2.603442
1046.000000	2.604204
1047.000000	2.604440
1048.000000	2.605146
1049.000000	2.605704
1050.000000	2.606262
1051.000000	2.606909
1052.000000	2.607365
1053.000000	2.607880
1054.000000	2.608422
1055.000000	2.608918
1056.000000	2.609316
1057.000000	2.609904
1058.000000	2.610448
1059.000000	2.611125
1060.000000	2.611545
1061.000000	2.612102
1062.000000	2.612796
1063.000000	2.613276
1064.000000	2.613692
1065.000000	2.614232
1066.000000	2.614528
1067.000000	2.615220
1068.000000	2.615989
1069.000000	2.616505
1070.000000	2.617035
1071.000000	2.617638
1072.000000	2.618180
1073.000000	2.618553
1074.000000	2.619086
1075.000000	2.619613
1076.000000	2.620104
1077.000000	2.620727
1078.000000	2.621307
1079.000000	2.621936
1080.000000	2.622431
1081.000000	2.622839
1082.000000	2.623379
1083.000000	2.624025
1084.000000	2.624557
1085.000000	2.624995
1086.000000	2.625599
1087.000000	2.626202
1088.000000	2.626628
1089.000000	2.627349
1090.000000	2.627884
1091.000000	2.628439
1092.000000	2.628724
1093.000000	2.629339
1094.000000	2.629763
1095.000000	2.630399
1096.000000	2.631028
1097.000000	2.631617
1098.000000	2.631917
1099.000000	2.632626
1100.000000	2.633114
1101.000000	2.633451
1102.000000	2.634152
1103.000000	2.634810
1104.000000	2.635176
1105.000000	2.635795
1106.000000	2.636315
1107.000000	2.636584
1108.000000	2.637434
1109.000000	2.638080
1110.000000	2.638410
1111.000000	2.638839
1112.000000	2.639457
1113.000000	2.639934
1114.000000	2.640696
1115.000000	2.641092
1116.000000	2.641640
1117.000000	2.642180
1118.000000	2.642751
1119.000000	2.643151
1120.000000	2.643573
1121.000000	2.644157
1122.000000	2.644946
1123.000000	2.645191
1124.000000	2.645844
1125.000000	2.646352
1126.000000	2.646841
1127.000000	2.647364
1128.000000	2.647975
1129.000000	2.648348
1130.000000	2.648807
1131.000000	2.649603
1132.000000	2.650107
1133.000000	2.650516
1134.000000	2.651125
1135.000000	2.651679
1136.000000	2.652090
1137.000000	2.652702
1138.000000	2.653226
1139.000000	2.653819
1140.000000	2.654090
1141.000000	2.654745
1142.000000	2.655352
1143.000000	2.655731
1144.000000	2.656406
1145.000000	2.656901
1146.000000	2.657343
1147.000000	2.658055
1148.000000	2.658532
1149.000000	2.658836
1150.000000	2.659570
1151.000000	2.660030
1152.000000	2.660571
1153.000000	2.660951
1154.000000	2.661512
1155.000000	2.661978
1156.000000	2.662511
1157.000000	2.663207
1158.000000	2.663684
1159.000000	2.664167
1160.000000	2.664580
1161.000000	2.665382
1162.000000	2.665774
1163.000000	2.666253
1164.000000	2.666823
1165.000000	2.667248
1166.000000	2.667967
1167.000000	2.668376
1168.000000	2.668770
1169.000000	2.669414
1170.000000	2.670164
1171.000000	2.670491
1172.000000	2.670887
1173.000000	2.671485
1174.000000	2.672030
1175.000000	2.672703
1176.000000	2.673212
1177.000000	2.673560
1178.000000	2.674254
1179.000000	2.674564
1180.000000	2.675223
1181.000000	2.675603
1182.000000	2.676103
1183.000000	2.676508
1184.000000	2.677128
1185.000000	2.677717
1186.000000	2.678275
1187.000000	2.678948
1188.000000	2.679204
1189.000000	2.679985
1190.000000	2.680214
1191.000000	2.680801
1192.000000	2.681379
1193.000000	2.681776
1194.000000	2.682386
1195.000000	2.682943
1196.000000	2.683385
1197.000000	2.683843
1198.000000	2.684555
1199.000000	2.684926
1200.000000	2.685578
1201.000000	2.685916
1202.000000	2.686423
1203.000000	2.687067
1204.000000	2.687478
1205.000000	2.687975
1206.000000	2.688601
1207.000000	2.688989
1208.000000	2.689555
1209.000000	2.690242
1210.000000	2.690798
1211.000000	2.691127
1212.000000	2.691726
1213.000000	2.692263
1214.000000	2.692628
1215.000000	2.693144
1216.000000	2.693821
1217.000000	2.694217
1218.000000	2.694660
1219.000000	2.695193
1220.000000	2.695758
1221.000000	2.696265
1222.000000	2.696979
1223.000000	2.697359
1224.000000	2.697825
1225.000000	2.698393
1226.000000	2.698658
1227.000000	2.699420
1228.000000	2.699930
1229.000000	2.700323
1230.000000	2.701003
1231.000000	2.701385
1232.000000	2.702095
1233.000000	2.702598
1234.000000	2.703007
1235.000000	2.703389
1236.000000	2.704019
1237.000000	2.704588
1238.000000	2.704753
1239.000000	2.705521
1240.000000	2.706145
1241.000000	2.706359
1242.000000	2.707038
1243.000000	2.707610
1244.000000	2.708107
1245.000000	2.708686
1246.000000	2.709114
1247.000000	2.709497
1248.000000	2.710113
1249.000000	2.710361
1250.000000	2.711184
1251.000000	2.711705
1252.000000	2.712061
1253.000000	2.712653
1254.000000	2.713193
1255.000000	2.713681
1256.000000	2.714174
1257.000000	2.714554
1258.000000	2.715121
1259.000000	2.715684
1260.000000	2.716216
1261.000000	2.716685
1262.000000	2.717201
1263.000000	2.717904
1264.000000	2.718253
1265.000000	2.718765
1266.000000	2.719256
1267.000000	2.719847
1268.000000	2.720150
1269.000000	2.720729
1270.000000	2.721031
1271.000000	2.721899
1272.000000	2.722559
1273.000000	2.722794
1274.000000	2.723553
1275.000000	2.723968
1276.000000	2.724452
1277.000000	2.725031
1278.000000	2.725389
1279.000000	2.725693
1280.000000	2.726396
1281.000000	2.727171
1282.000000	2.727677
1283.000000	2.727964
1284.000000	2.728472
1285.000000	2.729171
1286.000000	2.729335
1287.000000	2.729876
1288.000000	2.730574
1289.000000	2.731054
1290.000000	2.731599
1291.000000	2.732159
1292.000000	2.732576
1293.000000	2.732987
1294.000000	2.733312
1295.000000	2.734042
1296.000000	2.734488
1297.000000	2.735228
1298.000000	2.735568
1299.000000	2.735910
1300.000000	2.736710
1301.000000	2.737194
1302.000000	2.737665
1303.000000	2.737982
1304.000000	2.738718
1305.000000	2.739033
1306.000000	2.739611
1307.000000	2.739949
1308.000000	2.740450
1309.000000	2.740966
1310.000000	2.741718
1311.000000	2.742295
1312.000000	2.742475
1313.000000	2.742978
1314.000000	2.743189
1315.000000	2.743535
1316.000000	2.743640
1317.000000	2.743865
1318.000000	2.744081
1319.000000	2.744471
1320.000000	2.744618
1321.000000	2.744839
1322.000000	2.745019
1323.000000	2.745334
1324.000000	2.745504
1325.000000	2.745831
1326.000000	2.745990
1327.000000	2.746234
1328.000000	2.746458
1329.000000	2.746732
1330.000000	2.746858
1331.000000	2.747160
1332.000000	2.747550
1333.000000	2.747506
1334.000000	2.747940
1335.000000	2.748066
1336.000000	2.748445
1337.000000	2.748602
1338.000000	2.748833
1339.000000	2.749078
1340.000000	2.749252
1341.000000	2.749506
1342.000000	2.749676
1343.000000	2.749940
1344.000000	2.750216
1345.000000	2.750440
1346.000000	2.750644
1347.000000	2.750917
1348.000000	2.751097
1349.000000	2.751282
1350.000000	2.751498
1351.000000	2.751841
1352.000000	2.752032
1353.000000	2.752292
1354.000000	2.752478
1355.000000	2.752688
1356.000000	2.752858
1357.000000	2.753181
1358.000000	2.753506
1359.000000	2.753532
1360.000000	2.753830
1361.000000	2.754130
1362.000000	2.754317
1363.000000	2.754485
1364.000000	2.754793
1365.000000	2.754891
1366.000000	2.755192
1367.000000	2.755509
1368.000000	2.755763
1369.000000	2.755931
1370.000000	2.756174
1371.000000	2.756359
1372.000000	2.756508
1373.000000	2.756703
1374.000000	2.757118
1375.000000	2.757243
1376.000000	2.757484
1377.000000	2.757803
1378.000000	2.757960
1379.000000	2.758178
1380.000000	2.758348
1381.000000	2.758625
1382.000000	2.758932
1383.000000	2.759079
1384.000000	2.759276
1385.000000	2.759530
1386.000000	2.759805
1387.000000	2.759937
1388.000000	2.760252
1389.000000	2.760558
1390.000000	2.760715
1391.000000	2.760951
1392.000000	2.761222
1393.000000	2.761274
1394.000000	2.761612
1395.000000	2.761841
1396.000000	2.762065
1397.000000	2.762254
1398.000000	2.762570
1399.000000	2.762708
1400.000000	2.762985
1401.000000	2.763298
1402.000000	2.763488
1403.000000	2.763685
1404.000000	2.763841
1405.000000	2.764170
1406.000000	2.764318
1407.000000	2.764612
1408.000000	2.764742
1409.000000	2.765048
1410.000000	2.765356
1411.000000	2.765457
1412.000000	2.765830
1413.000000	2.766084
1414.000000	2.766108
1415.000000	2.766362
1416.000000	2.766683
1417.000000	2.766951
1418.000000	2.767123
1419.000000	2.767346
1420.000000	2.767591
1421.000000	2.767830
1422.000000	2.768073
1423.000000	2.768354
1424.000000	2.768360
1425.000000	2.768851
1426.000000	2.769067
1427.000000	2.769220
1428.000000	2.769464
1429.000000	2.769781
1430.000000	2.769907
1431.000000	2.770052
1432.000000	2.770385
1433.000000	2.770620
1434.000000	2.770918
1435.000000	2.770972
1436.000000	2.771256
1437.000000	2.771550
1438.000000	2.771699
1439.000000	2.771982
1440.000000	2.772073
1441.000000	2.772442
1442.000000	2.772673
1443.000000	2.772869
1444.000000	2.773086
1445.000000	2.773328
1446.000000	2.773622
1447.000000	2.773823
1448.000000	2.774085
1449.000000	2.774406
1450.000000	2.774557
1451.000000	2.774784
1452.000000	2.774942
1453.000000	2.775282
1454.000000	2.775483
1455.000000	2.775735
1456.000000	2.775997
1457.000000	2.776320
1458.000000	2.776396
1459.000000	2.776797
1460.000000	2.776837
1461.000000	2.777154
1462.000000	2.777357
1463.000000	2.777697
1464.000000	2.777888
1465.000000	2.778062
1466.000000	2.778404
1467.000000	2.778583
1468.000000	2.778793
1469.000000	2.779001
1470.000000	2.779177
1471.000000	2.779418
1472.000000	2.779827
1473.000000	2.779974
1474.000000	2.780081
1475.000000	2.780384
1476.000000	2.780617
1477.000000	2.780806
1478.000000	2.781112
1479.000000	2.781362
1480.000000	2.781588
1481.000000	2.781849
1482.000000	2.781979
1483.000000	2.782321
1484.000000	2.782479
1485.000000	2.782686
1486.000000	2.782990
1487.000000	2.783139
1488.000000	2.783345
1489.000000	2.783589
1490.000000	2.783738
1491.000000	2.784042
1492.000000	2.784374
1493.000000	2.784537
1494.000000	2.784827
1495.000000	2.784919
1496.000000	2.785185
1497.000000	2.785394
1498.000000	2.785650
1499.000000	2.785893
1500.000000	2.786141
1501.000000	2.786208
1502.000000	2.786477
1503.000000	2.786930
1504.000000	2.786957
1505.000000	2.787163
1506.000000	2.787560
1507.000000	2.787759
1508.000000	2.787917
1509.000000	2.788204
1510.000000	2.788338
1511.000000	2.788682
1512.000000	2.788891
1513.000000	2.789002
1514.000000	2.789338
1515.000000	2.789717
1516.000000	2.789675
1517.000000	2.789942
1518.000000	2.790149
1519.000000	2.790363
1520.000000	2.790752
1521.000000	2.790717
1522.000000	2.791113
1523.000000	2.791302
1524.000000	2.791482
1525.000000	2.791617
1526.000000	2.791929
1527.000000	2.792145
1528.000000	2.792471
1529.000000	2.792660
1530.000000	2.792815
1531.000000	2.793004
1532.000000	2.793306
1533.000000	2.793585
1534.000000	2.793744
1535.000000	2.793925
1536.000000	2.794158
1537.000000	2.794373
1538.000000	2.794692
1539.000000	2.794910
1540.000000	2.795088
1541.000000	2.795239
1542.000000	2.795497
1543.000000	2.795795
1544.000000	2.795917
1545.000000	2.796150
1546.000000	2.796505
1547.000000	2.796501
1548.000000	2.796847
1549.000000	2.797019
1550.000000	2.797271
1551.000000	2.797489
1552.000000	2.797732
1553.000000	2.797985
1554.000000	2.798102
1555.000000	2.798331
1556.000000	2.798610
1557.000000	2.798836
1558.000000	2.799109
1559.000000	2.799141
1560.000000	2.799498
1561.000000	2.799718
1562.000000	2.799874
1563.000000	2.800104
1564.000000	2.800251
1565.000000	2.800664
1566.000000	2.800677
1567.000000	2.800901
1568.000000	2.801158
1569.000000	2.801368
1570.000000	2.801590
1571.000000	2.801951
1572.000000	2.802031
1573.000000	2.802329
1574.000000	2.802440
1575.000000	2.802748
1576.000000	2.802916
1577.000000	2.803181
1578.000000	2.803322
1579.000000	2.803634
1580.000000	2.803767
1581.000000	2.804016
1582.000000	2.804190
1583.000000	2.804394
1584.000000	2.804622
1585.000000	2.804852
1586.000000	2.805118
1587.000000	2.805236
1588.000000	2.805530
1589.000000	2.805609
1590.000000	2.806033
1591.000000	2.806054
1592.000000	2.806396
1593.000000	2.806593
1594.000000	2.806825
1595.000000	2.806879
1596.000000	2.807265
1597.000000	2.807431
1598.000000	2.807739
1599.000000	2.807865
1600.000000	2.808016
1601.000000	2.808247
1602.000000	2.808449
1603.000000	2.808777
1604.000000	2.808863
1605.000000	2.809056
1606.000000	2.809379
1607.000000	2.809557
1608.000000	2.809718
1609.000000	2.810031
1610.000000	2.810182
1611.000000	2.810322
1612.000000	2.810689
1613.000000	2.810852
1614.000000	2.811112
1615.000000	2.811284
1616.000000	2.811526
1617.000000	2.811700
1618.000000	2.811955
1619.000000	2.812185
1620.000000	2.812359
1621.000000	2.812573
1622.000000	2.812833
1623.000000	2.812970
1624.000000	2.813184
1625.000000	2.813404
1626.000000	2.813675
1627.000000	2.813912
1628.000000	2.814080
1629.000000	2.814311
1630.000000	2.814496
1631.000000	2.814693
1632.000000	2.814875
1633.000000	2.815108
1634.000000	2.815345
1635.000000	2.815556
1636.000000	2.815843
1637.000000	2.815980
1638.000000	2.816185
1639.000000	2.816410
1640.000000	2.816716
1641.000000	2.816873
1642.000000	2.817051
1643.000000	2.817271
1644.000000	2.817466
1645.000000	2.817753
1646.000000	2.817839
1647.000000	2.818093
1648.000000	2.818341
1649.000000	2.818525
1650.000000	2.818670
1651.000000	2.819059
1652.000000	2.819202
1653.000000	2.819491
1654.000000	2.819623
1655.000000	2.819816
1656.000000	2.820030
1657.000000	2.820198
1658.000000	2.820456
1659.000000	2.820660
1660.000000	2.820925
1661.000000	2.821101
1662.000000	2.821344
1663.000000	2.821491
1664.000000	2.821791
1665.000000	2.821965
1666.000000	2.822221
1667.000000	2.822424
1668.000000	2.822614
1669.000000	2.822744
1670.000000	2.823013
1671.000000	2.823179
1672.000000	2.823499
1673.000000	2.823688
1674.000000	2.823965
1675.000000	2.824076
1676.000000	2.824367
1677.000000	2.824556
1678.000000	2.824818
1679.000000	2.824996
1680.000000	2.825155
1681.000000	2.825409
1682.000000	2.825629
1683.000000	2.825793
1684.000000	2.826138
1685.000000	2.826147
1686.000000	2.826472
1687.000000	2.826591
1688.000000	2.826849
1689.000000	2.827027
1690.000000	2.827367
1691.000000	2.827581
1692.000000	2.827684
1693.000000	2.828002
1694.000000	2.828226
1695.000000	2.828363
1696.000000	2.828583
1697.000000	2.828830
1698.000000	2.828969
1699.000000	2.829246
1700.000000	2.829411
1701.000000	2.829664
1702.000000	2.829884
1703.000000	2.830063
1704.000000	2.830180
1705.000000	2.830476
1706.000000	2.830713
1707.000000	2.830881
1708.000000	2.831044
1709.000000	2.831308
1710.000000	2.831476
1711.000000	2.831740
1712.000000	2.831983
1713.000000	2.832174
1714.000000	2.832457
1715.000000	2.832531
1716.000000	2.832784
1717.000000	2.832919
1718.000000	2.833258
1719.000000	2.833339
1720.000000	2.833599
1721.000000	2.833795
1722.000000	2.833981
1723.000000	2.834120
1724.000000	2.834415
1725.000000	2.834631
1726.000000	2.834776
1727.000000	2.834981
1728.000000	2.835201
1729.000000	2.835465
1730.000000	2.835593
1731.000000	2.835851
1732.000000	2.835996
1733.000000	2.836216
1734.000000	2.836436
1735.000000	2.836660
1736.000000	2.836811
1737.000000	2.837090
1738.000000	2.837241
1739.000000	2.837493
1740.000000	2.837488
1741.000000	2.837996
1742.000000	2.838084
1743.000000	2.838264
1744.000000	2.838459
1745.000000	2.838714
1746.000000	2.838981
1747.000000	2.839130
1748.000000	2.839375
1749.000000	2.839564
1750.000000	2.839727
1751.000000	2.840064
1752.000000	2.840222
1753.000000	2.840416
1754.000000	2.840511
1755.000000	2.840886
1756.000000	2.841027
1757.000000	2.841308
1758.000000	2.841448
1759.000000	2.841700
1760.000000	2.841807
1761.000000	2.842047
1762.000000	2.842280
1763.000000	2.842517
1764.000000	2.842723
1765.000000	2.842884
1766.000000	2.843149
1767.000000	2.843230
1768.000000	2.843539
1769.000000	2.843694
1770.000000	2.843951
1771.000000	2.844165
1772.000000	2.844330
1773.000000	2.844419
1774.000000	2.844775
1775.000000	2.844870
1776.000000	2.845146
1777.000000	2.845342
1778.000000	2.845613
1779.000000	2.845712
1780.000000	2.845928
1781.000000	2.846129
1782.000000	2.846289
1783.000000	2.846530
1784.000000	2.846693
1785.000000	2.846924
1786.000000	2.847223
1787.000000	2.847378
1788.000000	2.847550
1789.000000	2.847806
1790.000000	2.847961
1791.000000	2.848163
1792.000000	2.848312
1793.000000	2.848509
1794.000000	2.848744
1795.000000	2.848964
1796.000000	2.849135
1797.000000	2.849496
1798.000000	2.849641
1799.000000	2.849708
1800.000000	2.850039
1801.000000	2.850171
1802.000000	2.850427
1803.000000	2.850511
1804.000000	2.850774
1805.000000	2.850928
1806.000000	2.851068
1807.000000	2.851412
1808.000000	2.851536
1809.000000	2.851743
1810.000000	2.851938
1811.000000	2.852175
1812.000000	2.852320
1813.000000	2.852598
1814.000000	2.852797
1815.000000	2.852988
1816.000000	2.853210
1817.000000	2.853378
1818.000000	2.853605
1819.000000	2.853712
1820.000000	2.853985
1821.000000	2.854196
1822.000000	2.854383
1823.000000	2.854555
1824.000000	2.854680
1825.000000	2.854955
1826.000000	2.855135
1827.000000	2.855336
1828.000000	2.855555
1829.000000	2.855670
1830.000000	2.856010
1831.000000	2.856101
1832.000000	2.856300
1833.000000	2.856510
1834.000000	2.856701
1835.000000	2.856913
1836.000000	2.857089
1837.000000	2.857324
1838.000000	2.857433
1839.000000	2.857775
1840.000000	2.858002
1841.000000	2.858143
1842.000000	2.858246
1843.000000	2.858390
1844.000000	2.858640
1845.000000	2.858894
1846.000000	2.859091
1847.000000	2.859230
1848.000000	2.859542
1849.000000	2.859653
1850.000000	2.859869
1851.000000	2.860099
1852.000000	2.860233
1853.000000	2.860464
1854.000000	2.860628
1855.000000	2.860827
1856.000000	2.861020
1857.000000	2.861196
1858.000000	2.861504
1859.000000	2.861679
1860.000000	2.861799
1861.000000	2.862059
1862.000000	2.862166
1863.000000	2.862502
1864.000000	2.862569
1865.000000	2.862703
1866.000000	2.862988
1867.000000	2.863238
1868.000000	2.863429
1869.000000	2.863644
1870.000000	2.863745
1871.000000	2.863961
1872.000000	2.864109
1873.000000	2.864407
1874.000000	2.864560
1875.000000	2.864718
1876.000000	2.864915
1877.000000	2.865107
1878.000000	2.865319
1879.000000	2.865455
1880.000000	2.865843
1881.000000	2.865839
1882.000000	2.866055
1883.000000	2.866483
1884.000000	2.866540
1885.000000	2.866671
1886.000000	2.866918
1887.000000	2.867105
1888.000000	2.867231
1889.000000	2.867463
1890.000000	2.867619
1891.000000	2.867799
1892.000000	2.868061
1893.000000	2.868244
1894.000000	2.868420
1895.000000	2.868725
1896.000000	2.868933
1897.000000	2.869019
1898.000000	2.869130
1899.000000	2.869409
1900.000000	2.869686
1901.000000	2.869883
1902.000000	2.869830
1903.000000	2.870107
1904.000000	2.870418
1905.000000	2.870547
1906.000000	2.870748
1907.000000	2.870929
1908.000000	2.871155
1909.000000	2.871350
1910.000000	2.871470
1911.000000	2.871629
1912.000000	2.871818
1913.000000	2.871992
1914.000000	2.872182
1915.000000	2.872431
1916.000000	2.872677
1917.000000	2.872759
1918.000000	2.873182
1919.000000	2.873201
1920.000000	2.873394
1921.000000	2.873663
1922.000000	2.873698
1923.000000	2.874073
1924.000000	2.874148
1925.000000	2.874224
1926.000000	2.874511
1927.000000	2.874773
1928.000000	2.874996
1929.000000	2.875164
1930.000000	2.875350
1931.000000	2.875614
1932.000000	2.875706
1933.000000	2.875934
1934.000000	2.876060
1935.000000	2.876260
1936.000000	2.876522
1937.000000	2.876639
1938.000000	2.876809
1939.000000	2.877038
1940.000000	2.877294
1941.000000	2.877358
1942.000000	2.877660
1943.000000	2.877846
1944.000000	2.877886
1945.000000	2.878207
1946.000000	2.878377
1947.000000	2.878471
1948.000000	2.878740
1949.000000	2.878929
1950.000000	2.879135
1951.000000	2.879249
1952.000000	2.879437
1953.000000	2.879716
1954.000000	2.879903
1955.000000	2.880226
1956.000000	2.880278
1957.000000	2.880453
1958.000000	2.880616
1959.000000	2.880879
1960.000000	2.880995
1961.000000	2.881209
1962.000000	2.881419
1963.000000	2.881618
1964.000000	2.881840
1965.000000	2.881985
1966.000000	2.882174
1967.000000	2.882348
1968.000000	2.882522
1969.000000	2.882821
1970.000000	2.882844
1971.000000	2.883133
1972.000000	2.883456
1973.000000	2.883555
1974.000000	2.883708
1975.000000	2.883857
1976.000000	2.883991
1977.000000	2.884320
1978.000000	2.884447
1979.000000	2.884618
1980.000000	2.884852
1981.000000	2.884951
1982.000000	2.885291
1983.000000	2.885456
1984.000000	2.885563
1985.000000	2.885796
1986.000000	2.886020
1987.000000	2.886196
1988.000000	2.886395
1989.000000	2.886512
1990.000000	2.886867
1991.000000	2.886905
1992.000000	2.887146
1993.000000	2.887381
1994.000000	2.887567
1995.000000	2.887733
1996.000000	2.887891
1997.000000	2.888229
1998.000000	2.888378
1999.000000	2.888483
2000.000000	2.888686
2001.000000	2.888852
2002.000000	2.889087
2003.000000	2.889301
2004.000000	2.889452
2005.000000	2.889555
2006.000000	2.889800
2007.000000	2.890072
2008.000000	2.890143
2009.000000	2.890397
2010.000000	2.890535
2011.000000	2.890808
2012.000000	2.890966
2013.000000	2.891108
2014.000000	2.891423
2015.000000	2.891493
2016.000000	2.891629
2017.000000	2.891864
2018.000000	2.892133
2019.000000	2.892269
2020.000000	2.892496
2021.000000	2.892663
2022.000000	2.892819
2023.000000	2.892972
2024.000000	2.893180
2025.000000	2.893438
2026.000000	2.893466
2027.000000	2.893722
2028.000000	2.894080
2029.000000	2.894112
2030.000000	2.894424
2031.000000	2.894496
2032.000000	2.894747
2033.000000	2.894936
2034.000000	2.895112
2035.000000	2.895269
2036.000000	2.895606
2037.000000	2.895680
2038.000000	2.895843
2039.000000	2.896057
2040.000000	2.896389
2041.000000	2.896427
2042.000000	2.896619
2043.000000	2.896979
2044.000000	2.897120
2045.000000	2.897172
2046.000000	2.897376
2047.000000	2.897550
2048.000000	2.897741
2049.000000	2.898005
2050.000000	2.898246
2051.000000	2.898466
2052.000000	2.898502
2053.000000	2.898715
2054.000000	2.899011
2055.000000	2.899032
2056.000000	2.899311
2057.000000	2.899548
2058.000000	2.899699
2059.000000	2.899890
2060.000000	2.899992
2061.000000	2.900227
2062.000000	2.900461
2063.000000	2.900641
2064.000000	2.900790
2065.000000	2.901000
2066.000000	2.901132
2067.000000	2.901294
2068.000000	2.901460
2069.000000	2.901730
2070.000000	2.901925
2071.000000	2.902072
2072.000000	2.902331
2073.000000	2.902392
2074.000000	2.902514
2075.000000	2.902809
2076.000000	2.903046
2077.000000	2.903216
2078.000000	2.903351
2079.000000	2.903573
2080.000000	2.903810
2081.000000	2.903982
2082.000000	2.904193
2083.000000	2.904384
2084.000000	2.904434
2085.000000	2.904686
2086.000000	2.904736
2087.000000	2.905051
2088.000000	2.905214
2089.000000	2.905393
2090.000000	2.905571
2091.000000	2.905684
2092.000000	2.905956
2093.000000	2.906136
2094.000000	2.906314
2095.000000	2.906468
2096.000000	2.906644
2097.000000	2.906910
2098.000000	2.906925
2099.000000	2.907166
2100.000000	2.907362
2101.000000	2.907498
2102.000000	2.907754
2103.000000	2.907868
2104.000000	2.908197
2105.000000	2.908287
2106.000000	2.908455
2107.000000	2.908660
2108.000000	2.908824
2109.000000	2.909044
2110.000000	2.909223
2111.000000	2.909318
2112.000000	2.909620
2113.000000	2.909813
2114.000000	2.910016
2115.000000	2.910121
2116.000000	2.910403
2117.000000	2.910524
2118.000000	2.910661
2119.000000	2.910894
2120.000000	2.911045
2121.000000	2.911251
2122.000000	2.911536
2123.000000	2.911683
2124.000000	2.911794
2125.000000	2.912046
2126.000000	2.912260
2127.000000	2.912447
2128.000000	2.912451
2129.000000	2.912794
2130.000000	2.912972
2131.000000	2.913161
2132.000000	2.913243
2133.000000	2.913475
2134.000000	2.913725
2135.000000	2.913807
2136.000000	2.914090
2137.000000	2.914384
2138.000000	2.914507
2139.000000	2.914664
2140.000000	2.914846
2141.000000	2.914949
2142.000000	2.915198
2143.000000	2.915306
2144.000000	2.915589
2145.000000	2.915746
2146.000000	2.915987
2147.000000	2.916094
2148.000000	2.916448
2149.000000	2.916529
2150.000000	2.916678
2151.000000	2.916800
2152.000000	2.917081
2153.000000	2.917058
2154.000000	2.917482
2155.000000	2.917492
2156.000000	2.917826
2157.000000	2.917960
2158.000000	2.918009
2159.000000	2.918320
2160.000000	2.918391
2161.000000	2.918657
2162.000000	2.918832
2163.000000	2.918978
2164.000000	2.919245
2165.000000	2.919425
2166.000000	2.919681
2167.000000	2.919815
2168.000000	2.920068
2169.000000	2.920200
2170.000000	2.920269
2171.000000	2.920485
2172.000000	2.920691
2173.000000	2.920901
2174.000000	2.920976
2175.000000	2.921220
2176.000000	2.921276
2177.000000	2.921616
2178.000000	2.921760
2179.000000	2.922022
2180.000000	2.922131
2181.000000	2.922326
2182.000000	2.922467
2183.000000	2.922626
2184.000000	2.922861
2185.000000	2.923056
2186.000000	2.923239
2187.000000	2.923321
2188.000000	2.923531
2189.000000	2.923732
2190.000000	2.923953
2191.000000	2.924129
2192.000000	2.924249
2193.000000	2.924555
2194.000000	2.924593
2195.000000	2.924867
2196.000000	2.924930
2197.000000	2.925282
2198.000000	2.925346
2199.000000	2.925604
2200.000000	2.925701
2201.000000	2.925949
2202.000000	2.926087
2203.000000	2.926242
2204.000000	2.926450
2205.000000	2.926580
2206.000000	2.926840
2207.000000	2.926979
2208.000000	2.927200
2209.000000	2.927347
2210.000000	2.927539
2211.000000	2.927659
2212.000000	2.927848
2213.000000	2.927986
2214.000000	2.928223
2215.000000	2.928414
2216.000000	2.928611
2217.000000	2.928698
2218.000000	2.929017
2219.000000	2.929086
2220.000000	2.929261
2221.000000	2.929544
2222.000000	2.929691
2223.000000	2.929913
2224.000000	2.930093
2225.000000	2.930181
2226.000000	2.930501
2227.000000	2.930568
2228.000000	2.930686
2229.000000	2.930847
2230.000000	2.931120
2231.000000	2.931273
2232.000000	2.931538
2233.000000	2.931607
2234.000000	2.931869
2235.000000	2.932037
2236.000000	2.932243
2237.000000	2.932329
2238.000000	2.932526
2239.000000	2.932740
2240.000000	2.932782
2241.000000	2.933072
2242.000000	2.933177
2243.000000	2.933431
2244.000000	2.933540
2245.000000	2.933792
2246.000000	2.933842
2247.000000	2.934152
2248.000000	2.934292
2249.000000	2.934426
2250.000000	2.934673
2251.000000	2.934875
2252.000000	2.935026
2253.000000	2.935280
2254.000000	2.935508
2255.000000	2.935535
2256.000000	2.935722
2257.000000	2.935901
2258.000000	2.936156
2259.000000	2.936277
2260.000000	2.936537
2261.000000	2.936743
2262.000000	2.936802
2263.000000	2.937079
2264.000000	2.937272
2265.000000	2.937408
2266.000000	2.937513
2267.000000	2.937719
2268.000000	2.938005
2269.000000	2.938078
2270.000000	2.938347
2271.000000	2.938430
2272.000000	2.938712
2273.000000	2.938875
2274.000000	2.938972
2275.000000	2.939196
2276.000000	2.939394
2277.000000	2.939466
2278.000000	2.939730
2279.000000	2.939902
2280.000000	2.940135
2281.000000	2.940330
2282.000000	2.940409
2283.000000	2.940607
2284.000000	2.940890
2285.000000	2.940926
2286.000000	2.941197
2287.000000	2.941392
2288.000000	2.941512
2289.000000	2.941883
2290.000000	2.941937
2291.000000	2.942170
2292.000000	2.942248
2293.000000	2.942437
2294.000000	2.942649
2295.000000	2.942906
2296.000000	2.942958
2297.000000	2.943149
2298.000000	2.943325
2299.000000	2.943570
2300.000000	2.943732
2301.000000	2.943982
2302.000000	2.944089
2303.000000	2.944185
2304.000000	2.944502
2305.000000	2.944763
2306.000000	2.944763
2307.000000	2.945128
2308.000000	2.945361
2309.000000	2.945466
2310.000000	2.945493
2311.000000	2.945772
2312.000000	2.945967
2313.000000	2.946154
2314.000000	2.946261
2315.000000	2.946564
2316.000000	2.946797
2317.000000	2.946922
2318.000000	2.946927
2319.000000	2.947212
2320.000000	2.947365
2321.000000	2.947506
2322.000000	2.947665
2323.000000	2.947868
2324.000000	2.948081
2325.000000	2.948230
2326.000000	2.948398
2327.000000	2.948585
2328.000000	2.948788
2329.000000	2.948941
2330.000000	2.949138
2331.000000	2.949348
2332.000000	2.949472
2333.000000	2.949684
2334.000000	2.949876
2335.000000	2.950011
2336.000000	2.950258
2337.000000	2.950322
2338.000000	2.950509
2339.000000	2.950755
2340.000000	2.950914
2341.000000	2.951187
2342.000000	2.951279
2343.000000	2.951552
2344.000000	2.951626
2345.000000	2.951800
2346.000000	2.952018
2347.000000	2.952098
2348.000000	2.952207
2349.000000	2.952513
2350.000000	2.952698
2351.000000	2.952830
2352.000000	2.953019
2353.000000	2.953197
2354.000000	2.953393
2355.000000	2.953549
2356.000000	2.953618
2357.000000	2.953804
2358.000000	2.954121
2359.000000	2.954188
2360.000000	2.954432
2361.000000	2.954635
2362.000000	2.954771
2363.000000	2.955057
2364.000000	2.955069
2365.000000	2.955349
2366.000000	2.955565
2367.000000	2.955763
2368.000000	2.955861
2369.000000	2.955991
2370.000000	2.956199
2371.000000	2.956516
2372.000000	2.956564
2373.000000	2.956541
2374.000000	2.956859
2375.000000	2.957150
2376.000000	2.957360
2377.000000	2.957519
2378.000000	2.957710
2379.000000	2.957878
2380.000000	2.958075
2381.000000	2.958230
2382.000000	2.958383
2383.000000	2.958551
2384.000000	2.958734
2385.000000	2.958854
2386.000000	2.959066
2387.000000	2.959333
2388.000000	2.959454
2389.000000	2.959664
2390.000000	2.959855
2391.000000	2.960081
2392.000000	2.960314
2393.000000	2.960369
2394.000000	2.960651
2395.000000	2.960682
2396.000000	2.960888
2397.000000	2.961064
2398.000000	2.961249
2399.000000	2.961343
2400.000000	2.961553
2401.000000	2.961712
2402.000000	2.961924
2403.000000	2.962140
2404.000000	2.962244
2405.000000	2.962351
2406.000000	2.962636
2407.000000	2.962794
2408.000000	2.963066
2409.000000	2.963081
2410.000000	2.963385
2411.000000	2.963456
2412.000000	2.963670
2413.000000	2.963798
2414.000000	2.963988
2415.000000	2.964227
2416.000000	2.964374
2417.000000	2.964649
2418.000000	2.964775
2419.000000	2.964999
2420.000000	2.965125
2421.000000	2.965295
2422.000000	2.965507
2423.000000	2.965688
2424.000000	2.965761
2425.000000	2.965963
2426.000000	2.966024
2427.000000	2.966378
2428.000000	2.966527
2429.000000	2.966701
2430.000000	2.966943
2431.000000	2.967121
2432.000000	2.967157
2433.000000	2.967402
2434.000000	2.967555
2435.000000	2.967774
2436.000000	2.967866
2437.000000	2.968164
2438.000000	2.968248
2439.000000	2.968479
2440.000000	2.968651
2441.000000	2.968821
2442.000000	2.968999
2443.000000	2.969148
2444.000000	2.969449
2445.000000	2.969569
2446.000000	2.969774
2447.000000	2.969911
2448.000000	2.969978
2449.000000	2.970166
2450.000000	2.970387
2451.000000	2.970626
2452.000000	2.970766
2453.000000	2.970875
2454.000000	2.971071
2455.000000	2.971296
2456.000000	2.971497
2457.000000	2.971564
2458.000000	2.971650
2459.000000	2.971900
2460.000000	2.972013
2461.000000	2.972227
2462.000000	2.972422
2463.000000	2.972628
2464.000000	2.972737
2465.000000	2.972902
2466.000000	2.973022
2467.000000	2.973336
2468.000000	2.973464
2469.000000	2.973625
2470.000000	2.973724
2471.000000	2.973969
2472.000000	2.974083
2473.000000	2.974307
2474.000000	2.974544
2475.000000	2.974717
2476.000000	2.974801
2477.000000	2.975011
2478.000000	2.975223
2479.000000	2.975313
2480.000000	2.975462
2481.000000	2.975688
2482.000000	2.975944
2483.000000	2.976005
2484.000000	2.976179
2485.000000	2.976430
2486.000000	2.976532
2487.000000	2.976826
2488.000000	2.976847
2489.000000	2.977107
2490.000000	2.977237
2491.000000	2.977426
2492.000000	2.977621
2493.000000	2.977690
2494.000000	2.977946
2495.000000	2.978034
2496.000000	2.978268
2497.000000	2.978535
2498.000000	2.978707
2499.000000	2.978799
2500.000000	2.978849
2501.000000	2.979227
2502.000000	2.979269
2503.000000	2.979627
2504.000000	2.979653
2505.000000	2.979770
2506.000000	2.980138
2507.000000	2.980149
2508.000000	2.980358
2509.000000	2.980491
2510.000000	2.980694
2511.000000	2.980835
2512.000000	2.980963
2513.000000	2.981191
2514.000000	2.981325
2515.000000	2.981598
2516.000000	2.981668
2517.000000	2.981811
2518.000000	2.982042
2519.000000	2.982287
2520.000000	2.982445
2521.000000	2.982560
2522.000000	2.982887
2523.000000	2.982856
2524.000000	2.983164
2525.000000	2.983248
2526.000000	2.983443
2527.000000	2.983668
2528.000000	2.983759
2529.000000	2.983960
2530.000000	2.984136
2531.000000	2.984220
2532.000000	2.984598
2533.000000	2.984677
2534.000000	2.984858
2535.000000	2.985040
2536.000000	2.985195
2537.000000	2.985307
2538.000000	2.985568
2539.000000	2.985715
2540.000000	2.985926
2541.000000	2.986067
2542.000000	2.986216
2543.000000	2.986350
2544.000000	2.986526
2545.000000	2.986724
2546.000000	2.986776
2547.000000	2.987079
2548.000000	2.987274
2549.000000	2.987310
2550.000000	2.987610
2551.000000	2.987807
2552.000000	2.987920
2553.000000	2.988038
2554.000000	2.988275
2555.000000	2.988342
2556.000000	2.988573
2557.000000	2.988893
2558.000000	2.988897
2559.000000	2.989087
2560.000000	2.989282
2561.000000	2.989532
2562.000000	2.989639
2563.000000	2.989782
2564.000000	2.989937
2565.000000	2.990117
2566.000000	2.990201
2567.000000	2.990432
2568.000000	2.990598
2569.000000	2.990741
2570.000000	2.991001
2571.000000	2.991052
2572.000000	2.991325
2573.000000	2.991450
2574.000000	2.991633
2575.000000	2.991748
2576.000000	2.991983
2577.000000	2.992094
2578.000000	2.992408
2579.000000	2.992522
2580.000000	2.992634
2581.000000	2.992779
2582.000000	2.993012
2583.000000	2.993035
2584.000000	2.993327
2585.000000	2.993396
2586.000000	2.993595
2587.000000	2.993788
2588.000000	2.993936
2589.000000	2.994092
2590.000000	2.994290
2591.000000	2.994540
2592.000000	2.994699
2593.000000	2.994765
2594.000000	2.994951
2595.000000	2.995090
2596.000000	2.995283
2597.000000	2.995450
2598.000000	2.995597
2599.000000	2.995790
2600.000000	2.996009
2601.000000	2.996257
2602.000000	2.996322
2603.000000	2.996532
2604.000000	2.996670
2605.000000	2.996913
2606.000000	2.997020
2607.000000	2.997178
2608.000000	2.997410
2609.000000	2.997562
2610.000000	2.997757
2611.000000	2.997879
2612.000000	2.998184
2613.000000	2.998267
2614.000000	2.998437
2615.000000	2.998660
2616.000000	2.998746
2617.000000	2.998930
2618.000000	2.999052
2619.000000	2.999348
2620.000000	2.999443
2621.000000	2.999651
2622.000000	2.999691
2623.000000	2.999898
2624.000000	3.000181
2625.000000	3.000295
2626.000000	3.000450
2627.000000	3.000708
2628.000000	3.000764
2629.000000	3.000844
2630.000000	3.001061
2631.000000	3.001226
2632.000000	3.001343
2633.000000	3.001615
2634.000000	3.001783
2635.000000	3.001986
2636.000000	3.002081
2637.000000	3.002259
2638.000000	3.002488
2639.000000	3.002599
2640.000000	3.002807
2641.000000	3.002902
2642.000000	3.003105
2643.000000	3.003300
2644.000000	3.003456
2645.000000	3.003577
2646.000000	3.003724
2647.000000	3.003921
2648.000000	3.004012
2649.000000	3.004270
2650.000000	3.004414
2651.000000	3.004634
2652.000000	3.004758
2653.000000	3.004790
2654.000000	3.005118
2655.000000	3.005185
2656.000000	3.005305
2657.000000	3.005582
2658.000000	3.005684
2659.000000	3.005796
2660.000000	3.005921
2661.000000	3.006186
2662.000000	3.006377
2663.000000	3.006429
2664.000000	3.006659
2665.000000	3.006705
2666.000000	3.006978
2667.000000	3.006996
2668.000000	3.007284
2669.000000	3.007447
2670.000000	3.007649
2671.000000	3.007751
2672.000000	3.007913
2673.000000	3.008020
2674.000000	3.008251
2675.000000	3.008324
2676.000000	3.008524
2677.000000	3.008684
2678.000000	3.008875
2679.000000	3.009036
2680.000000	3.009242
2681.000000	3.009481
2682.000000	3.009477
2683.000000	3.009634
2684.000000	3.009793
2685.000000	3.010022
2686.000000	3.010173
2687.000000	3.010327
2688.000000	3.010537
2689.000000	3.010738
2690.000000	3.010797
2691.000000	3.010961
2692.000000	3.011181
2693.000000	3.011336
2694.000000	3.011496
2695.000000	3.011691
2696.000000	3.011845
2697.000000	3.012032
2698.000000	3.012157
2699.000000	3.012258
2700.000000	3.012359
2701.000000	3.012568
2702.000000	3.012797
2703.000000	3.012841
2704.000000	3.012984
2705.000000	3.013185
2706.000000	3.013332
2707.000000	3.013607
2708.000000	3.013739
2709.000000	3.013771
2710.000000	3.013958
2711.000000	3.014134
2712.000000	3.014273
2713.000000	3.014468
2714.000000	3.014615
2715.000000	3.014961
2716.000000	3.015017
2717.000000	3.015183
2718.000000	3.015282
2719.000000	3.015458
2720.000000	3.015635
2721.000000	3.015912
2722.000000	3.015962
2723.000000	3.016067
2724.000000	3.016258
2725.000000	3.016428
2726.000000	3.016608
2727.000000	3.016783
2728.000000	3.016894
2729.000000	3.017105
2730.000000	3.017164
2731.000000	3.017509
2732.000000	3.017627
2733.000000	3.017662
2734.000000	3.017879
2735.000000	3.018078
2736.000000	3.018145
2737.000000	3.018325
2738.000000	3.018650
2739.000000	3.018663
2740.000000	3.018960
2741.000000	3.019052
2742.000000	3.019245
2743.000000	3.019407
2744.000000	3.019499
2745.000000	3.019694
2746.000000	3.019887
2747.000000	3.019977
2748.000000	3.020269
2749.000000	3.020292
2750.000000	3.020487
2751.000000	3.020606
2752.000000	3.020733
2753.000000	3.020958
2754.000000	3.021136
2755.000000	3.021329
2756.000000	3.021451
2757.000000	3.021520
2758.000000	3.021713
2759.000000	3.021765
2760.000000	3.022084
2761.000000	3.022325
2762.000000	3.022368
2763.000000	3.022462
2764.000000	3.022600
2765.000000	3.022775
2766.000000	3.022951
2767.000000	3.023216
2768.000000	3.023394
2769.000000	3.023438
2770.000000	3.023593
2771.000000	3.023845
2772.000000	3.023927
2773.000000	3.024166
2774.000000	3.024205
2775.000000	3.024391
2776.000000	3.024687
2777.000000	3.024805
2778.000000	3.024905
2779.000000	3.025073
2780.000000	3.025172
2781.000000	3.025413
2782.000000	3.025597
2783.000000	3.025727
2784.000000	3.025841
2785.000000	3.026054
2786.000000	3.026272
2787.000000	3.026286
2788.000000	3.026450
2789.000000	3.026647
2790.000000	3.026771
2791.000000	3.027008
2792.000000	3.027132
2793.000000	3.027302
2794.000000	3.027541
2795.000000	3.027674
2796.000000	3.027852
2797.000000	3.027951
2798.000000	3.028115
2799.000000	3.028236
2800.000000	3.028438
2801.000000	3.028540
2802.000000	3.028591
2803.000000	3.028786
2804.000000	3.028989
2805.000000	3.029180
2806.000000	3.029293
2807.000000	3.029416
2808.000000	3.029559
2809.000000	3.029722
2810.000000	3.029913
2811.000000	3.030047
2812.000000	3.030230
2813.000000	3.030352
2814.000000	3.030391
2815.000000	3.030652
2816.000000	3.030855
2817.000000	3.031063
2818.000000	3.031140
2819.000000	3.031306
2820.000000	3.031389
2821.000000	3.031565
2822.000000	3.031741
2823.000000	3.031886
2824.000000	3.032014
2825.000000	3.032213
2826.000000	3.032431
2827.000000	3.032427
2828.000000	3.032675
2829.000000	3.032733
2830.000000	3.032965
2831.000000	3.033146
2832.000000	3.033244
2833.000000	3.033513
2834.000000	3.033462
2835.000000	3.033771
2836.000000	3.033907
2837.000000	3.034121
2838.000000	3.034144
2839.000000	3.034368
2840.000000	3.034582
2841.000000	3.034689
2842.000000	3.034806
2843.000000	3.034965
2844.000000	3.035110
2845.000000	3.035274
2846.000000	3.035381
2847.000000	3.035586
2848.000000	3.035808
2849.000000	3.035827
2850.000000	3.036052
2851.000000	3.036220
2852.000000	3.036337
2853.000000	3.036640
2854.000000	3.036603
2855.000000	3.036793
2856.000000	3.036875
2857.000000	3.037129
2858.000000	3.037248
2859.000000	3.037425
2860.000000	3.037557
2861.000000	3.037594
2862.000000	3.037808
2863.000000	3.037928
2864.000000	3.038234
2865.000000	3.038374
2866.000000	3.038384
2867.000000	3.038711
2868.000000	3.038766
2869.000000	3.039016
2870.000000	3.039114
2871.000000	3.039263
2872.000000	3.039458
2873.000000	3.039565
2874.000000	3.039829
2875.000000	3.039815
2876.000000	3.040080
2877.000000	3.040167
2878.000000	3.040296
2879.000000	3.040479
2880.000000	3.040565
2881.000000	3.040894
2882.000000	3.040999
2883.000000	3.041190
2884.000000	3.041278
2885.000000	3.041396
2886.000000	3.041471
2887.000000	3.041739
2888.000000	3.041924
2889.000000	3.041874
2890.000000	3.042238
2891.000000	3.042422
2892.000000	3.042508
2893.000000	3.042672
2894.000000	3.042806
2895.000000	3.043037
2896.000000	3.043213
2897.000000	3.043314
2898.000000	3.043396
2899.000000	3.043469
2900.000000	3.043568
2901.000000	3.043913
2902.000000	3.044095
2903.000000	3.044183
2904.000000	3.044257
2905.000000	3.044378
2906.000000	3.044617
2907.000000	3.044827
2908.000000	3.044966
2909.000000	3.045079
2910.000000	3.045205
2911.000000	3.045421
2912.000000	3.045492
2913.000000	3.045592
2914.000000	3.045787
2915.000000	3.045883
2916.000000	3.046057
2917.000000	3.046238
2918.000000	3.046391
2919.000000	3.046512
2920.000000	3.046678
2921.000000	3.046892
2922.000000	3.047041
2923.000000	3.047130
2924.000000	3.047305
2925.000000	3.047416
2926.000000	3.047571
2927.000000	3.047722
2928.000000	3.047823
2929.000000	3.048011
2930.000000	3.048141
2931.000000	3.048305
2932.000000	3.048510
2933.000000	3.048573
2934.000000	3.048748
2935.000000	3.048861
2936.000000	3.049128
2937.000000	3.049202
2938.000000	3.049342
2939.000000	3.049481
2940.000000	3.049623
2941.000000	3.049825
2942.000000	3.049942
2943.000000	3.050020
2944.000000	3.050240
2945.000000	3.050345
2946.000000	3.050422
2947.000000	3.050676
2948.000000	3.050786
2949.000000	3.050883
2950.000000	3.051088
2951.000000	3.051153
2952.000000	3.051353
2953.000000	3.051439
2954.000000	3.051655
2955.000000	3.051925
2956.000000	3.051955
2957.000000	3.051990
2958.000000	3.052208
2959.000000	3.052412
2960.000000	3.052499
2961.000000	3.052642
2962.000000	3.052851
2963.000000	3.052958
2964.000000	3.053105
2965.000000	3.053256
2966.000000	3.053353
2967.000000	3.053514
2968.000000	3.053778
2969.000000	3.053854
2970.000000	3.053934
2971.000000	3.054115
2972.000000	3.054288
2973.000000	3.054264
2974.000000	3.054528
2975.000000	3.054772
2976.000000	3.054770
2977.000000	3.055017
2978.000000	3.055166
2979.000000	3.055185
2980.000000	3.055455
2981.000000	3.055596
2982.000000	3.055787
2983.000000	3.055917
2984.000000	3.056081
2985.000000	3.056226
2986.000000	3.056221
2987.000000	3.056424
2988.000000	3.056621
2989.000000	3.056772
2990.000000	3.056956
2991.000000	3.056988
2992.000000	3.057221
2993.000000	3.057346
2994.000000	3.057466
2995.000000	3.057565
2996.000000	3.057704
2997.000000	3.057935
2998.000000	3.057987
2999.000000	3.058182
3000.000000	3.058342
3001.000000	3.058388
3002.000000	3.058575
3003.000000	3.058734
3004.000000	3.058994
3005.000000	3.059065
3006.000000	3.059202
3007.000000	3.059386
3008.000000	3.059535
3009.000000	3.059624
3010.000000	3.059778
3011.000000	3.059897
3012.000000	3.060098
3013.000000	3.060258
3014.000000	3.060417
3015.000000	3.060600
3016.000000	3.060707
3017.000000	3.060860
3018.000000	3.061032
3019.000000	3.061141
3020.000000	3.061251
3021.000000	3.061421
3022.000000	3.061587
3023.000000	3.061694
3024.000000	3.061721
3025.000000	3.062031
3026.000000	3.062205
3027.000000	3.062189
3028.000000	3.062447
3029.000000	3.062652
3030.000000	3.062797
3031.000000	3.062940
3032.000000	3.063025
3033.000000	3.063199
3034.000000	3.063287
3035.000000	3.063557
3036.000000	3.063603
3037.000000	3.063811
3038.000000	3.063859
3039.000000	3.064014
3040.000000	3.064229
3041.000000	3.064335
3042.000000	3.064526
3043.000000	3.064686
3044.000000	3.064845
3045.000000	3.064900
3046.000000	3.065031
3047.000000	3.065180
3048.000000	3.065419
3049.000000	3.065499
3050.000000	3.065702
3051.000000	3.065830
3052.000000	3.065922
3053.000000	3.066218
3054.000000	3.066264
3055.000000	3.066361
3056.000000	3.066779
3057.000000	3.066754
3058.000000	3.066991
3059.000000	3.066985
3060.000000	3.067148
3061.000000	3.067436
3062.000000	3.067421
3063.000000	3.067505
3064.000000	3.067828
3065.000000	3.067878
3066.000000	3.068056
3067.000000	3.068195
3068.000000	3.068386
3069.000000	3.068473
3070.000000	3.068655
3071.000000	3.068773
3072.000000	3.068930
3073.000000	3.069092
3074.000000	3.069306
3075.000000	3.069345
3076.000000	3.069517
3077.000000	3.069677
3078.000000	3.069803
3079.000000	3.069908
3080.000000	3.070172
3081.000000	3.070263
3082.000000	3.070469
3083.000000	3.070437
3084.000000	3.070702
3085.000000	3.070777
3086.000000	3.070970
3087.000000	3.071131
3088.000000	3.071232
3089.000000	3.071547
3090.000000	3.071522
3091.000000	3.071759
3092.000000	3.071828
3093.000000	3.071937
3094.000000	3.072116
3095.000000	3.072267
3096.000000	3.072429
3097.000000	3.072517
3098.000000	3.072704
3099.000000	3.072773
3100.000000	3.072989
3101.000000	3.073159
3102.000000	3.073356
3103.000000	3.073377
3104.000000	3.073658
3105.000000	3.073666
3106.000000	3.073825
3107.000000	3.073976
3108.000000	3.074129
3109.000000	3.074418
3110.000000	3.074460
3111.000000	3.074571
3112.000000	3.074815
3113.000000	3.074915
3114.000000	3.075090
3115.000000	3.075174
3116.000000	3.075230
3117.000000	3.075560
3118.000000	3.075628
3119.000000	3.075621
3120.000000	3.075810
3121.000000	3.076009
3122.000000	3.076230
3123.000000	3.076244
3124.000000	3.076460
3125.000000	3.076553
3126.000000	3.076817
3127.000000	3.076890
3128.000000	3.077117
3129.000000	3.077255
3130.000000	3.077243
3131.000000	3.077420
3132.000000	3.077722
3133.000000	3.077758
3134.000000	3.077913
3135.000000	3.078072
3136.000000	3.078076
3137.000000	3.078381
3138.000000	3.078500
3139.000000	3.078595
3140.000000	3.078937
3141.000000	3.079054
3142.000000	3.079061
3143.000000	3.079145
3144.000000	3.079319
3145.000000	3.079506
3146.000000	3.079577
3147.000000	3.079665
3148.000000	3.079903
3149.000000	3.079988
3150.000000	3.080095
3151.000000	3.080188
3152.000000	3.080412
3153.000000	3.080540
3154.000000	3.080677
3155.000000	3.080877
3156.000000	3.081028
3157.000000	3.081152
3158.000000	3.081340
3159.000000	3.081558
3160.000000	3.081523
3161.000000	3.081630
3162.000000	3.081850
3163.000000	3.081907
3164.000000	3.082158
3165.000000	3.082249
3166.000000	3.082402
3167.000000	3.082546
3168.000000	3.082581
3169.000000	3.082787
3170.000000	3.082873
3171.000000	3.083101
3172.000000	3.083185
3173.000000	3.083334
3174.000000	3.083554
3175.000000	3.083623
3176.000000	3.083756
3177.000000	3.083888
3178.000000	3.083951
3179.000000	3.084215
3180.000000	3.084165
3181.000000	3.084455
3182.000000	3.084560
3183.000000	3.084642
3184.000000	3.084877
3185.000000	3.084950
3186.000000	3.085024
3187.000000	3.085162
3188.000000	3.085345
3189.000000	3.085582
3190.000000	3.085613
3191.000000	3.085848
3192.000000	3.085917
3193.000000	3.086150
3194.000000	3.086334
3195.000000	3.086403
3196.000000	3.086585
3197.000000	3.086508
3198.000000	3.086757
3199.000000	3.086910
3200.000000	3.087162
3201.000000	3.087363
3202.000000	3.087470
3203.000000	3.087567
3204.000000	3.087735
3205.000000	3.087831
3206.000000	3.087810
3207.000000	3.088066
3208.000000	3.088300
3209.000000	3.088445
3210.000000	3.088407
3211.000000	3.088690
3212.000000	3.088703
3213.000000	3.088831
3214.000000	3.089095
3215.000000	3.089192
3216.000000	3.089309
3217.000000	3.089508
3218.000000	3.089613
3219.000000	3.089695
3220.000000	3.089866
3221.000000	3.090057
3222.000000	3.090124
3223.000000	3.090352
3224.000000	3.090489
3225.000000	3.090615
3226.000000	3.090887
3227.000000	3.090961
3228.000000	3.091005
3229.000000	3.091206
3230.000000	3.091339
3231.000000	3.091424
3232.000000	3.091602
3233.000000	3.091801
3234.000000	3.091874
3235.000000	3.092053
3236.000000	3.092040
3237.000000	3.092359
3238.000000	3.092365
3239.000000	3.092569
3240.000000	3.092692
3241.000000	3.092902
3242.000000	3.093051
3243.000000	3.093057
3244.000000	3.093360
3245.000000	3.093476
3246.000000	3.093545
3247.000000	3.093711
3248.000000	3.093826
3249.000000	3.094105
3250.000000	3.094069
3251.000000	3.094260
3252.000000	3.094319
3253.000000	3.094634
3254.000000	3.094690
3255.000000	3.094864
3256.000000	3.094897
3257.000000	3.095020
3258.000000	3.095228
3259.000000	3.095333
3260.000000	3.095438
3261.000000	3.095639
3262.000000	3.095849
3263.000000	3.095969
3264.000000	3.096118
3265.000000	3.096172
3266.000000	3.096332
3267.000000	3.096573
3268.000000	3.096618
3269.000000	3.096878
3270.000000	3.096907
3271.000000	3.097136
3272.000000	3.097325
3273.000000	3.097302
3274.000000	3.097608
3275.000000	3.097675
3276.000000	3.097725
3277.000000	3.097881
3278.000000	3.098149
3279.000000	3.098298
3280.000000	3.098466
3281.000000	3.098692
3282.000000	3.098719
3283.000000	3.098920
3284.000000	3.098975
3285.000000	3.099186
3286.000000	3.099243
3287.000000	3.099470
3288.000000	3.099692
3289.000000	3.099719
3290.000000	3.099765
3291.000000	3.100032
3292.000000	3.100067
3293.000000	3.100297
3294.000000	3.100448
3295.000000	3.100580
3296.000000	3.100714
3297.000000	3.100845
3298.000000	3.100966
3299.000000	3.101113
3300.000000	3.101283
3301.000000	3.101461
3302.000000	3.101583
3303.000000	3.101753
3304.000000	3.101820
3305.000000	3.102143
3306.000000	3.102127
3307.000000	3.102282
3308.000000	3.102442
3309.000000	3.102570
3310.000000	3.102796
3311.000000	3.102807
3312.000000	3.103038
3313.000000	3.103251
3314.000000	3.103268
3315.000000	3.103499
3316.000000	3.103518
3317.000000	3.103746
3318.000000	3.103858
3319.000000	3.104075
3320.000000	3.104194
3321.000000	3.104314
3322.000000	3.104618
3323.000000	3.104568
3324.000000	3.104773
3325.000000	3.104847
3326.000000	3.105014
3327.000000	3.105157
3328.000000	3.105331
3329.000000	3.105473
3330.000000	3.105576
3331.000000	3.105748
3332.000000	3.105859
3333.000000	3.105959
3334.000000	3.106161
3335.000000	3.106444
3336.000000	3.106515
3337.000000	3.106635
3338.000000	3.106712
3339.000000	3.106823
3340.000000	3.107040
3341.000000	3.107105
3342.000000	3.107318
3343.000000	3.107433
3344.000000	3.107552
3345.000000	3.107771
3346.000000	3.107850
3347.000000	3.107976
3348.000000	3.108161
3349.000000	3.108308
3350.000000	3.108370
3351.000000	3.108643
3352.000000	3.108616
3353.000000	3.108897
3354.000000	3.109031
3355.000000	3.109055
3356.000000	3.109387
3357.000000	3.109469
3358.000000	3.109678
3359.000000	3.109662
3360.000000	3.109882
3361.000000	3.110043
3362.000000	3.110121
3363.000000	3.110341
3364.000000	3.110391
3365.000000	3.110607
3366.000000	3.110681
3367.000000	3.110807
3368.000000	3.110971
3369.000000	3.111223
3370.000000	3.111301
3371.000000	3.111443
3372.000000	3.111529
3373.000000	3.111775
3374.000000	3.111873
3375.000000	3.112083
3376.000000	3.112129
3377.000000	3.112245
3378.000000	3.112396
3379.000000	3.112569
3380.000000	3.112604
3381.000000	3.112779
3382.000000	3.113112
3383.000000	3.113175
3384.000000	3.113299
3385.000000	3.113320
3386.000000	3.113599
3387.000000	3.113668
3388.000000	3.113869
3389.000000	3.113922
3390.000000	3.114140
3391.000000	3.114224
3392.000000	3.114482
3393.000000	3.114567
3394.000000	3.114642
3395.000000	3.114829
3396.000000	3.114925
3397.000000	3.115131
3398.000000	3.115234
3399.000000	3.115439
3400.000000	3.115565
3401.000000	3.115651
3402.000000	3.115800
3403.000000	3.115993
3404.000000	3.116058
3405.000000	3.116215
3406.000000	3.116360
3407.000000	3.116556
3408.000000	3.116605
3409.000000	3.116814
3410.000000	3.116940
3411.000000	3.117087
3412.000000	3.117217
3413.000000	3.117418
3414.000000	3.117448
3415.000000	3.117628
3416.000000	3.117804
3417.000000	3.117996
3418.000000	3.118065
3419.000000	3.118200
3420.000000	3.118453
3421.000000	3.118560
3422.000000	3.118730
3423.000000	3.118806
3424.000000	3.119032
3425.000000	3.119022
3426.000000	3.119257
3427.000000	3.119412
3428.000000	3.119534
3429.000000	3.119722
3430.000000	3.119814
3431.000000	3.119911
3432.000000	3.120112
3433.000000	3.120204
3434.000000	3.120351
3435.000000	3.120542
3436.000000	3.120653
3437.000000	3.120877
3438.000000	3.120974
3439.000000	3.121164
3440.000000	3.121345
3441.000000	3.121414
3442.000000	3.121581
3443.000000	3.121675
3444.000000	3.121713
3445.000000	3.121895
3446.000000	3.122040
3447.000000	3.122298
3448.000000	3.122435
3449.000000	3.122464
3450.000000	3.122768
3451.000000	3.122850
3452.000000	3.122936
3453.000000	3.123150
3454.000000	3.123385
3455.000000	3.123423
3456.000000	3.123591
3457.000000	3.123594
3458.000000	3.123799
3459.000000	3.123961
