0.000000	0.000011
1.000000	0.000012
2.000000	0.000011
3.000000	0.000011
4.000000	0.000012
5.000000	0.000011
6.000000	0.000014
7.000000	0.000020
8.000000	0.000026
9.000000	0.000032
10.000000	0.000037
11.000000	0.000042
12.000000	0.000045
13.000000	0.000049
14.000000	0.000052
15.000000	0.000057
16.000000	0.000061
17.000000	0.000063
18.000000	0.000068
19.000000	0.000070
20.000000	0.000074
21.000000	0.000077
22.000000	0.000080
23.000000	0.000082
24.000000	0.000086
25.000000	0.000089
26.000000	0.000092
27.000000	0.000095
28.000000	0.000097
29.000000	0.000099
30.000000	0.000103
31.000000	0.000106
32.000000	0.000108
33.000000	0.000110
34.000000	0.000114
35.000000	0.000116
36.000000	0.000119
37.000000	0.000122
38.000000	0.000124
39.000000	0.000126
40.000000	0.000130
41.000000	0.000132
42.000000	0.000134
43.000000	0.000137
44.000000	0.000139
45.000000	0.000142
46.000000	0.000144
47.000000	0.000148
48.000000	0.000150
49.000000	0.000153
50.000000	0.000156
51.000000	0.000158
52.000000	0.000160
53.000000	0.000164
54.000000	0.000166
55.000000	0.000169
56.000000	0.000171
57.000000	0.000173
58.000000	0.000175
59.000000	0.000178
60.000000	0.000181
61.000000	0.000184
62.000000	0.000186
63.000000	0.000188
64.000000	0.000191
65.000000	0.000194
66.000000	0.000197
67.000000	0.000198
68.000000	0.000201
69.000000	0.000204
70.000000	0.000206
71.000000	0.000208
72.000000	0.000211
73.000000	0.000214
74.000000	0.000216
75.000000	0.000219
76.000000	0.000222
77.000000	0.000224
78.000000	0.000226
79.000000	0.000229
80.000000	0.000231
81.000000	0.000235
82.000000	0.000239
83.000000	0.000244
84.000000	0.000250
85.000000	0.000253
86.000000	0.000258
87.000000	0.000262
88.000000	0.000266
89.000000	0.000270
90.000000	0.000275
91.000000	0.000280
92.000000	0.000285
93.000000	0.000289
94.000000	0.000292
95.000000	0.000296
96.000000	0.000302
97.000000	0.000306
98.000000	0.000311
99.000000	0.000315
100.000000	0.000319
101.000000	0.000323
102.000000	0.000327
103.000000	0.000332
104.000000	0.000337
105.000000	0.000340
106.000000	0.000345
107.000000	0.000349
108.000000	0.000354
109.000000	0.000358
110.000000	0.000363
111.000000	0.000368
112.000000	0.000373
113.000000	0.000378
114.000000	0.000381
115.000000	0.000386
116.000000	0.000389
117.000000	0.000394
118.000000	0.000399
119.000000	0.000403
120.000000	0.000409
121.000000	0.000412
122.000000	0.000417
123.000000	0.000419
124.000000	0.000425
125.000000	0.000430
126.000000	0.000433
127.000000	0.000438
128.000000	0.000441
129.000000	0.000447
130.000000	0.000452
131.000000	0.000456
132.000000	0.000460
133.000000	0.000465
134.000000	0.000469
135.000000	0.000475
136.000000	0.000477
137.000000	0.000483
138.000000	0.000485
139.000000	0.000492
140.000000	0.000495
141.000000	0.000501
142.000000	0.000504
143.000000	0.000509
144.000000	0.000513
145.000000	0.000517
146.000000	0.000522
147.000000	0.000528
148.000000	0.000531
149.000000	0.000536
150.000000	0.000542
151.000000	0.000545
152.000000	0.000548
153.000000	0.000552
154.000000	0.000558
155.000000	0.000564
156.000000	0.000567
157.000000	0.000570
158.000000	0.000576
159.000000	0.000580
160.000000	0.000584
161.000000	0.000590
162.000000	0.000593
163.000000	0.000597
164.000000	0.000602
165.000000	0.000607
166.000000	0.000612
167.000000	0.000617
168.000000	0.000619
169.000000	0.000626
170.000000	0.000630
171.000000	0.000633
172.000000	0.000638
173.000000	0.000640
174.000000	0.000645
175.000000	0.000650
176.000000	0.000654
177.000000	0.000660
178.000000	0.000662
179.000000	0.000667
180.000000	0.000671
181.000000	0.000676
182.000000	0.000680
183.000000	0.000685
184.000000	0.000689
185.000000	0.000693
186.000000	0.000697
187.000000	0.000701
188.000000	0.000706
189.000000	0.000709
190.000000	0.000712
191.000000	0.000718
192.000000	0.000722
193.000000	0.000725
194.000000	0.000730
195.000000	0.000733
196.000000	0.000739
197.000000	0.000743
198.000000	0.000747
199.000000	0.000752
200.000000	0.000755
201.000000	0.000759
202.000000	0.000765
203.000000	0.000769
204.000000	0.000775
205.000000	0.000778
206.000000	0.000781
207.000000	0.000785
208.000000	0.000790
209.000000	0.000794
210.000000	0.000799
211.000000	0.000802
212.000000	0.000808
213.000000	0.000811
214.000000	0.000816
215.000000	0.000819
216.000000	0.000824
217.000000	0.000828
218.000000	0.000832
219.000000	0.000836
220.000000	0.000840
221.000000	0.000845
222.000000	0.000850
223.000000	0.000854
224.000000	0.000858
225.000000	0.000861
226.000000	0.000866
227.000000	0.000870
228.000000	0.000874
229.000000	0.000879
230.000000	0.000881
231.000000	0.000886
232.000000	0.000892
233.000000	0.000897
234.000000	0.000901
235.000000	0.000904
236.000000	0.000908
237.000000	0.000913
238.000000	0.000916
239.000000	0.000920
240.000000	0.000926
241.000000	0.000929
242.000000	0.000935
243.000000	0.000939
244.000000	0.000945
245.000000	0.000949
246.000000	0.000951
247.000000	0.000955
248.000000	0.000960
249.000000	0.000964
250.000000	0.000969
251.000000	0.000974
252.000000	0.000977
253.000000	0.000980
254.000000	0.000987
255.000000	0.000988
256.000000	0.000994
257.000000	0.000998
258.000000	0.001003
259.000000	0.001006
260.000000	0.001012
261.000000	0.001016
262.000000	0.001019
263.000000	0.001024
264.000000	0.001031
265.000000	0.001033
266.000000	0.001036
267.000000	0.001041
268.000000	0.001046
269.000000	0.001050
270.000000	0.001055
271.000000	0.001059
272.000000	0.001065
273.000000	0.001066
274.000000	0.001073
275.000000	0.001077
276.000000	0.001081
277.000000	0.001085
278.000000	0.001089
279.000000	0.001092
280.000000	0.001097
281.000000	0.001102
282.000000	0.001106
283.000000	0.001111
284.000000	0.001113
285.000000	0.001120
286.000000	0.001124
287.000000	0.001128
288.000000	0.001133
289.000000	0.001137
290.000000	0.001139
291.000000	0.001146
292.000000	0.001148
293.000000	0.001154
294.000000	0.001158
295.000000	0.001162
296.000000	0.001166
297.000000	0.001170
298.000000	0.001176
299.000000	0.001179
300.000000	0.001184
301.000000	0.001187
302.000000	0.001192
303.000000	0.001197
304.000000	0.001201
305.000000	0.001204
306.000000	0.001210
307.000000	0.001212
308.000000	0.001217
309.000000	0.001223
310.000000	0.001226
311.000000	0.001230
312.000000	0.001235
313.000000	0.001240
314.000000	0.001243
315.000000	0.001247
316.000000	0.001252
317.000000	0.001254
318.000000	0.001262
319.000000	0.001265
320.000000	0.001270
321.000000	0.001274
322.000000	0.001277
323.000000	0.001282
324.000000	0.001286
325.000000	0.001290
326.000000	0.001295
327.000000	0.001299
328.000000	0.001303
329.000000	0.001308
330.000000	0.001312
331.000000	0.001318
332.000000	0.001321
333.000000	0.001325
334.000000	0.001330
335.000000	0.001335
336.000000	0.001339
337.000000	0.001342
338.000000	0.001347
339.000000	0.001351
340.000000	0.001356
341.000000	0.001359
342.000000	0.001367
343.000000	0.001370
344.000000	0.001375
345.000000	0.001380
346.000000	0.001385
347.000000	0.001390
348.000000	0.001394
349.000000	0.001398
350.000000	0.001402
351.000000	0.001408
352.000000	0.001412
353.000000	0.001416
354.000000	0.001422
355.000000	0.001425
356.000000	0.001432
357.000000	0.001437
358.000000	0.001441
359.000000	0.001444
360.000000	0.001451
361.000000	0.001455
362.000000	0.001461
363.000000	0.001466
364.000000	0.001469
365.000000	0.001475
366.000000	0.001480
367.000000	0.001484
368.000000	0.001488
369.000000	0.001493
370.000000	0.001498
371.000000	0.001504
372.000000	0.001508
373.000000	0.001513
374.000000	0.001516
375.000000	0.001522
376.000000	0.001525
377.000000	0.001532
378.000000	0.001534
379.000000	0.001539
380.000000	0.001546
381.000000	0.001549
382.000000	0.001556
383.000000	0.001558
384.000000	0.001565
385.000000	0.001569
386.000000	0.001573
387.000000	0.001578
388.000000	0.001584
389.000000	0.001589
390.000000	0.001592
391.000000	0.001598
392.000000	0.001603
393.000000	0.001606
394.000000	0.001612
395.000000	0.001617
396.000000	0.001622
397.000000	0.001627
398.000000	0.001632
399.000000	0.001635
400.000000	0.001640
401.000000	0.001644
402.000000	0.001650
403.000000	0.001655
404.000000	0.001661
405.000000	0.001665
406.000000	0.001669
407.000000	0.001675
408.000000	0.001679
409.000000	0.001683
410.000000	0.001689
411.000000	0.001693
412.000000	0.001698
413.000000	0.001702
414.000000	0.001708
415.000000	0.001713
416.000000	0.001718
417.000000	0.001723
418.000000	0.001727
419.000000	0.001731
420.000000	0.001737
421.000000	0.001743
422.000000	0.001745
423.000000	0.001749
424.000000	0.001755
425.000000	0.001760
426.000000	0.001764
427.000000	0.001771
428.000000	0.001774
429.000000	0.001779
430.000000	0.001783
431.000000	0.001788
432.000000	0.001795
433.000000	0.001797
434.000000	0.001802
435.000000	0.001809
436.000000	0.001812
437.000000	0.001816
438.000000	0.001823
439.000000	0.001826
440.000000	0.001832
441.000000	0.001837
442.000000	0.001840
443.000000	0.001846
444.000000	0.001849
445.000000	0.001855
446.000000	0.001859
447.000000	0.001864
448.000000	0.001869
449.000000	0.001873
450.000000	0.001878
451.000000	0.001883
452.000000	0.001887
453.000000	0.001892
454.000000	0.001897
455.000000	0.001903
456.000000	0.001907
457.000000	0.001912
458.000000	0.001914
459.000000	0.001921
460.000000	0.001925
461.000000	0.001928
462.000000	0.001935
463.000000	0.001940
464.000000	0.001944
465.000000	0.001948
466.000000	0.001954
467.000000	0.001957
468.000000	0.001962
469.000000	0.001966
470.000000	0.001971
471.000000	0.001977
472.000000	0.001981
473.000000	0.001985
474.000000	0.001992
475.000000	0.001995
476.000000	0.002000
477.000000	0.002003
478.000000	0.002009
479.000000	0.002014
480.000000	0.002017
481.000000	0.002020
482.000000	0.002027
483.000000	0.002031
484.000000	0.002037
485.000000	0.002039
486.000000	0.002046
487.000000	0.002052
488.000000	0.002055
489.000000	0.002059
490.000000	0.002064
491.000000	0.002070
492.000000	0.002073
493.000000	0.002077
494.000000	0.002083
495.000000	0.002087
496.000000	0.002093
497.000000	0.002099
498.000000	0.002101
499.000000	0.002106
500.000000	0.002110
501.000000	0.002117
502.000000	0.002120
503.000000	0.002125
504.000000	0.002131
505.000000	0.002136
506.000000	0.002138
507.000000	0.002145
508.000000	0.002149
509.000000	0.002154
510.000000	0.002159
511.000000	0.002162
512.000000	0.002166
513.000000	0.002172
514.000000	0.002176
515.000000	0.002183
516.000000	0.002186
517.000000	0.002191
518.000000	0.002196
519.000000	0.002200
520.000000	0.002205
521.000000	0.002210
522.000000	0.002213
523.000000	0.002220
524.000000	0.002224
525.000000	0.002230
526.000000	0.002233
527.000000	0.002239
528.000000	0.002242
529.000000	0.002247
530.000000	0.002252
531.000000	0.002258
532.000000	0.002259
533.000000	0.002267
534.000000	0.002272
535.000000	0.002276
536.000000	0.002280
537.000000	0.002284
538.000000	0.002290
539.000000	0.002295
540.000000	0.002299
541.000000	0.002304
542.000000	0.002309
543.000000	0.002314
544.000000	0.002318
545.000000	0.002324
546.000000	0.002329
547.000000	0.002332
548.000000	0.002337
549.000000	0.002342
550.000000	0.002346
551.000000	0.002353
552.000000	0.002355
553.000000	0.002360
554.000000	0.002365
555.000000	0.002371
556.000000	0.002374
557.000000	0.002379
558.000000	0.002383
559.000000	0.002389
560.000000	0.002395
561.000000	0.002399
562.000000	0.002403
563.000000	0.002406
564.000000	0.002412
565.000000	0.002416
566.000000	0.002422
567.000000	0.002426
568.000000	0.002430
569.000000	0.002436
570.000000	0.002440
571.000000	0.002446
572.000000	0.002450
573.000000	0.002453
574.000000	0.002458
575.000000	0.002464
576.000000	0.002470
577.000000	0.002473
578.000000	0.002477
579.000000	0.002485
580.000000	0.002488
581.000000	0.002490
582.000000	0.002496
583.000000	0.002501
584.000000	0.002508
585.000000	0.002513
586.000000	0.002517
587.000000	0.002520
588.000000	0.002527
589.000000	0.002530
590.000000	0.002534
591.000000	0.002540
592.000000	0.002545
593.000000	0.002548
594.000000	0.002553
595.000000	0.002558
596.000000	0.002563
597.000000	0.002567
598.000000	0.002573
599.000000	0.002578
600.000000	0.002581
601.000000	0.002587
602.000000	0.002591
603.000000	0.002597
604.000000	0.002601
605.000000	0.002607
606.000000	0.002608
607.000000	0.002615
608.000000	0.002621
609.000000	0.002623
610.000000	0.002628
611.000000	0.002634
612.000000	0.002639
613.000000	0.002643
614.000000	0.002647
615.000000	0.002652
616.000000	0.002655
617.000000	0.002663
618.000000	0.002667
619.000000	0.002670
620.000000	0.002674
621.000000	0.002679
622.000000	0.002683
623.000000	0.002689
624.000000	0.002694
625.000000	0.002698
626.000000	0.002703
627.000000	0.002708
628.000000	0.002713
629.000000	0.002716
630.000000	0.002721
631.000000	0.002726
632.000000	0.002730
633.000000	0.002736
634.000000	0.002739
635.000000	0.002747
636.000000	0.002749
637.000000	0.002755
638.000000	0.002758
639.000000	0.002762
640.000000	0.002769
641.000000	0.002772
642.000000	0.002778
643.000000	0.002782
644.000000	0.002787
645.000000	0.002791
646.000000	0.002794
647.000000	0.002801
648.000000	0.002804
649.000000	0.002810
650.000000	0.002815
651.000000	0.002819
652.000000	0.002822
653.000000	0.002829
654.000000	0.002831
655.000000	0.002838
656.000000	0.002844
657.000000	0.002847
658.000000	0.002852
659.000000	0.002857
660.000000	0.002862
661.000000	0.002865
662.000000	0.002871
663.000000	0.002874
664.000000	0.002881
665.000000	0.002884
666.000000	0.002890
667.000000	0.002892
668.000000	0.002898
669.000000	0.002902
670.000000	0.002906
671.000000	0.002912
672.000000	0.002915
673.000000	0.002921
674.000000	0.002925
675.000000	0.002930
676.000000	0.002936
677.000000	0.002941
678.000000	0.002945
679.000000	0.002949
680.000000	0.002951
681.000000	0.002959
682.000000	0.002963
683.000000	0.002970
684.000000	0.002972
685.000000	0.002977
686.000000	0.002982
687.000000	0.002986
688.000000	0.002991
689.000000	0.002992
690.000000	0.002999
691.000000	0.003006
692.000000	0.003007
693.000000	0.003015
694.000000	0.003018
695.000000	0.003023
696.000000	0.003028
697.000000	0.003034
698.000000	0.003038
699.000000	0.003042
700.000000	0.003047
701.000000	0.003051
702.000000	0.003057
703.000000	0.003060
704.000000	0.003065
705.000000	0.003070
706.000000	0.003075
707.000000	0.003080
708.000000	0.003085
709.000000	0.003089
710.000000	0.003093
711.000000	0.003100
712.000000	0.003103
713.000000	0.003109
714.000000	0.003113
715.000000	0.003117
716.000000	0.003121
717.000000	0.003126
718.000000	0.003131
719.000000	0.003135
720.000000	0.003140
721.000000	0.003144
722.000000	0.003150
723.000000	0.003155
724.000000	0.003158
725.000000	0.003164
726.000000	0.003168
727.000000	0.003173
728.000000	0.003178
729.000000	0.003182
730.000000	0.003188
731.000000	0.003190
732.000000	0.003196
733.000000	0.003202
734.000000	0.003207
735.000000	0.003210
736.000000	0.003215
737.000000	0.003221
738.000000	0.003225
739.000000	0.003231
740.000000	0.003235
741.000000	0.003238
742.000000	0.003243
743.000000	0.003249
744.000000	0.003252
745.000000	0.003256
746.000000	0.003262
747.000000	0.003268
748.000000	0.003272
749.000000	0.003277
750.000000	0.003281
751.000000	0.003286
752.000000	0.003291
753.000000	0.003296
754.000000	0.003300
755.000000	0.003305
756.000000	0.003310
757.000000	0.003317
758.000000	0.003319
759.000000	0.003324
760.000000	0.003329
761.000000	0.003335
762.000000	0.003338
763.000000	0.003343
764.000000	0.003349
765.000000	0.003353
766.000000	0.003359
767.000000	0.003362
768.000000	0.003368
769.000000	0.003371
770.000000	0.003376
771.000000	0.003383
772.000000	0.003387
773.000000	0.003390
774.000000	0.003396
775.000000	0.003400
776.000000	0.003406
777.000000	0.003409
778.000000	0.003416
779.000000	0.003419
780.000000	0.003425
781.000000	0.003430
782.000000	0.003433
783.000000	0.003439
784.000000	0.003443
785.000000	0.003449
786.000000	0.003452
787.000000	0.003458
788.000000	0.003461
789.000000	0.003467
790.000000	0.003473
791.000000	0.003477
792.000000	0.003480
793.000000	0.003486
794.000000	0.003492
795.000000	0.003496
796.000000	0.003500
797.000000	0.003504
798.000000	0.003509
799.000000	0.003515
800.000000	0.003519
801.000000	0.003524
802.000000	0.003528
803.000000	0.003533
804.000000	0.003537
805.000000	0.003543
806.000000	0.003548
807.000000	0.003551
808.000000	0.003556
809.000000	0.003562
810.000000	0.003567
811.000000	0.003569
812.000000	0.003577
813.000000	0.003579
814.000000	0.003586
815.000000	0.003589
816.000000	0.003593
817.000000	0.003598
818.000000	0.003603
819.000000	0.003610
820.000000	0.003613
821.000000	0.003617
822.000000	0.003624
823.000000	0.003626
824.000000	0.003632
825.000000	0.003636
826.000000	0.003641
827.000000	0.003646
828.000000	0.003651
829.000000	0.003656
830.000000	0.003660
831.000000	0.003665
832.000000	0.003670
833.000000	0.003673
834.000000	0.003679
835.000000	0.003683
836.000000	0.003688
837.000000	0.003693
838.000000	0.003697
839.000000	0.003701
840.000000	0.003707
841.000000	0.003710
842.000000	0.003715
843.000000	0.003721
844.000000	0.003725
845.000000	0.003730
846.000000	0.003736
847.000000	0.003739
848.000000	0.003744
849.000000	0.003748
850.000000	0.003754
851.000000	0.003755
852.000000	0.003761
853.000000	0.003768
854.000000	0.003772
855.000000	0.003777
856.000000	0.003782
857.000000	0.003786
858.000000	0.003789
859.000000	0.003794
860.000000	0.003799
861.000000	0.003804
862.000000	0.003809
863.000000	0.003814
864.000000	0.003818
865.000000	0.003822
866.000000	0.003827
867.000000	0.003832
868.000000	0.003838
869.000000	0.003839
870.000000	0.003845
871.000000	0.003849
872.000000	0.003855
873.000000	0.003860
874.000000	0.003863
875.000000	0.003869
876.000000	0.003875
877.000000	0.003878
878.000000	0.003880
879.000000	0.003887
880.000000	0.003891
881.000000	0.003896
882.000000	0.003900
883.000000	0.003904
884.000000	0.003908
885.000000	0.003914
886.000000	0.003921
887.000000	0.003922
888.000000	0.003927
889.000000	0.003932
890.000000	0.003938
891.000000	0.003939
892.000000	0.003945
893.000000	0.003950
894.000000	0.003953
895.000000	0.003961
896.000000	0.003964
897.000000	0.003969
898.000000	0.003973
899.000000	0.003978
900.000000	0.003983
901.000000	0.003987
902.000000	0.003991
903.000000	0.003996
904.000000	0.003999
905.000000	0.004003
906.000000	0.004008
907.000000	0.004013
908.000000	0.004018
909.000000	0.004024
910.000000	0.004028
911.000000	0.004032
912.000000	0.004037
913.000000	0.004042
914.000000	0.004044
915.000000	0.004050
916.000000	0.004055
917.000000	0.004061
918.000000	0.004064
919.000000	0.004070
920.000000	0.004073
921.000000	0.004078
922.000000	0.004082
923.000000	0.004088
924.000000	0.004092
925.000000	0.004097
926.000000	0.004100
927.000000	0.004105
928.000000	0.004110
929.000000	0.004114
930.000000	0.004120
931.000000	0.004124
932.000000	0.004127
933.000000	0.004133
934.000000	0.004137
935.000000	0.004140
936.000000	0.004148
937.000000	0.004150
938.000000	0.004155
939.000000	0.004158
940.000000	0.004163
941.000000	0.004168
942.000000	0.004175
943.000000	0.004178
944.000000	0.004181
945.000000	0.004187
946.000000	0.004192
947.000000	0.004196
948.000000	0.004201
949.000000	0.004205
950.000000	0.004209
951.000000	0.004215
952.000000	0.004219
953.000000	0.004224
954.000000	0.004227
955.000000	0.004231
956.000000	0.004236
957.000000	0.004240
958.000000	0.004247
959.000000	0.004249
960.000000	0.004254
961.000000	0.004258
962.000000	0.004262
963.000000	0.004268
964.000000	0.004274
965.000000	0.004277
966.000000	0.004282
967.000000	0.004286
968.000000	0.004289
969.000000	0.004296
970.000000	0.004299
971.000000	0.004303
972.000000	0.004308
973.000000	0.004312
974.000000	0.004317
975.000000	0.004322
976.000000	0.004327
977.000000	0.004332
978.000000	0.004336
979.000000	0.004340
980.000000	0.004344
981.000000	0.004349
982.000000	0.004352
983.000000	0.004360
984.000000	0.004363
985.000000	0.004366
986.000000	0.004371
987.000000	0.004374
988.000000	0.004380
989.000000	0.004386
990.000000	0.004389
991.000000	0.004393
992.000000	0.004399
993.000000	0.004402
994.000000	0.004409
995.000000	0.004413
996.000000	0.004417
997.000000	0.004421
998.000000	0.004425
999.000000	0.004431
1000.000000	0.004434
1001.000000	0.004439
1002.000000	0.004445
1003.000000	0.004448
1004.000000	0.004452
1005.000000	0.004457
1006.000000	0.004463
1007.000000	0.004467
1008.000000	0.004472
1009.000000	0.004477
1010.000000	0.004479
1011.000000	0.004485
1012.000000	0.004489
1013.000000	0.004494
1014.000000	0.004496
1015.000000	0.004502
1016.000000	0.004506
1017.000000	0.004513
1018.000000	0.004518
1019.000000	0.004521
1020.000000	0.004524
1021.000000	0.004530
1022.000000	0.004536
1023.000000	0.004539
1024.000000	0.004545
1025.000000	0.004549
1026.000000	0.004552
1027.000000	0.004558
1028.000000	0.004562
1029.000000	0.004568
1030.000000	0.004572
1031.000000	0.004576
1032.000000	0.004580
1033.000000	0.004582
1034.000000	0.004589
1035.000000	0.004593
1036.000000	0.004599
1037.000000	0.004602
1038.000000	0.004606
1039.000000	0.004612
1040.000000	0.004617
1041.000000	0.004622
1042.000000	0.004628
1043.000000	0.004631
1044.000000	0.004637
1045.000000	0.004643
1046.000000	0.004650
1047.000000	0.004652
1048.000000	0.004659
1049.000000	0.004664
1050.000000	0.004669
1051.000000	0.004676
1052.000000	0.004680
1053.000000	0.004685
1054.000000	0.004690
1055.000000	0.004695
1056.000000	0.004699
1057.000000	0.004704
1058.000000	0.004709
1059.000000	0.004716
1060.000000	0.004720
1061.000000	0.004725
1062.000000	0.004732
1063.000000	0.004736
1064.000000	0.004740
1065.000000	0.004745
1066.000000	0.004748
1067.000000	0.004755
1068.000000	0.004762
1069.000000	0.004767
1070.000000	0.004772
1071.000000	0.004778
1072.000000	0.004783
1073.000000	0.004786
1074.000000	0.004791
1075.000000	0.004796
1076.000000	0.004801
1077.000000	0.004807
1078.000000	0.004812
1079.000000	0.004818
1080.000000	0.004823
1081.000000	0.004827
1082.000000	0.004832
1083.000000	0.004838
1084.000000	0.004843
1085.000000	0.004847
1086.000000	0.004853
1087.000000	0.004859
1088.000000	0.004863
1089.000000	0.004870
1090.000000	0.004875
1091.000000	0.004880
1092.000000	0.004883
1093.000000	0.004889
1094.000000	0.004893
1095.000000	0.004899
1096.000000	0.004905
1097.000000	0.004910
1098.000000	0.004913
1099.000000	0.004920
1100.000000	0.004925
1101.000000	0.004928
1102.000000	0.004934
1103.000000	0.004941
1104.000000	0.004944
1105.000000	0.004950
1106.000000	0.004955
1107.000000	0.004958
1108.000000	0.004966
1109.000000	0.004972
1110.000000	0.004975
1111.000000	0.004979
1112.000000	0.004985
1113.000000	0.004989
1114.000000	0.004997
1115.000000	0.005000
1116.000000	0.005006
1117.000000	0.005011
1118.000000	0.005016
1119.000000	0.005020
1120.000000	0.005024
1121.000000	0.005029
1122.000000	0.005037
1123.000000	0.005039
1124.000000	0.005046
1125.000000	0.005050
1126.000000	0.005055
1127.000000	0.005060
1128.000000	0.005066
1129.000000	0.005069
1130.000000	0.005074
1131.000000	0.005081
1132.000000	0.005086
1133.000000	0.005090
1134.000000	0.005096
1135.000000	0.005101
1136.000000	0.005105
1137.000000	0.005111
1138.000000	0.005116
1139.000000	0.005121
1140.000000	0.005124
1141.000000	0.005130
1142.000000	0.005136
1143.000000	0.005139
1144.000000	0.005146
1145.000000	0.005151
1146.000000	0.005155
1147.000000	0.005162
1148.000000	0.005166
1149.000000	0.005169
1150.000000	0.005176
1151.000000	0.005180
1152.000000	0.005185
1153.000000	0.005189
1154.000000	0.005194
1155.000000	0.005199
1156.000000	0.005204
1157.000000	0.005210
1158.000000	0.005215
1159.000000	0.005220
1160.000000	0.005224
1161.000000	0.005231
1162.000000	0.005235
1163.000000	0.005239
1164.000000	0.005245
1165.000000	0.005249
1166.000000	0.005256
1167.000000	0.005260
1168.000000	0.005263
1169.000000	0.005269
1170.000000	0.005277
1171.000000	0.005280
1172.000000	0.005283
1173.000000	0.005289
1174.000000	0.005294
1175.000000	0.005301
1176.000000	0.005306
1177.000000	0.005309
1178.000000	0.005315
1179.000000	0.005318
1180.000000	0.005325
1181.000000	0.005328
1182.000000	0.005333
1183.000000	0.005337
1184.000000	0.005343
1185.000000	0.005348
1186.000000	0.005354
1187.000000	0.005360
1188.000000	0.005362
1189.000000	0.005370
1190.000000	0.005372
1191.000000	0.005378
1192.000000	0.005383
1193.000000	0.005387
1194.000000	0.005393
1195.000000	0.005398
1196.000000	0.005402
1197.000000	0.005407
1198.000000	0.005413
1199.000000	0.005417
1200.000000	0.005423
1201.000000	0.005426
1202.000000	0.005431
1203.000000	0.005437
1204.000000	0.005441
1205.000000	0.005446
1206.000000	0.005452
1207.000000	0.005455
1208.000000	0.005461
1209.000000	0.005467
1210.000000	0.005473
1211.000000	0.005476
1212.000000	0.005481
1213.000000	0.005487
1214.000000	0.005490
1215.000000	0.005495
1216.000000	0.005501
1217.000000	0.005505
1218.000000	0.005509
1219.000000	0.005514
1220.000000	0.005520
1221.000000	0.005525
1222.000000	0.005531
1223.000000	0.005535
1224.000000	0.005539
1225.000000	0.005545
1226.000000	0.005547
1227.000000	0.005554
1228.000000	0.005559
1229.000000	0.005563
1230.000000	0.005570
1231.000000	0.005573
1232.000000	0.005580
1233.000000	0.005585
1234.000000	0.005589
1235.000000	0.005592
1236.000000	0.005598
1237.000000	0.005604
1238.000000	0.005605
1239.000000	0.005612
1240.000000	0.005618
1241.000000	0.005620
1242.000000	0.005627
1243.000000	0.005632
1244.000000	0.005637
1245.000000	0.005643
1246.000000	0.005647
1247.000000	0.005650
1248.000000	0.005656
1249.000000	0.005658
1250.000000	0.005666
1251.000000	0.005671
1252.000000	0.005675
1253.000000	0.005680
1254.000000	0.005685
1255.000000	0.005690
1256.000000	0.005695
1257.000000	0.005698
1258.000000	0.005704
1259.000000	0.005709
1260.000000	0.005714
1261.000000	0.005719
1262.000000	0.005723
1263.000000	0.005730
1264.000000	0.005733
1265.000000	0.005738
1266.000000	0.005743
1267.000000	0.005749
1268.000000	0.005751
1269.000000	0.005757
1270.000000	0.005760
1271.000000	0.005768
1272.000000	0.005774
1273.000000	0.005777
1274.000000	0.005784
1275.000000	0.005788
1276.000000	0.005792
1277.000000	0.005798
1278.000000	0.005801
1279.000000	0.005804
1280.000000	0.005811
1281.000000	0.005818
1282.000000	0.005823
1283.000000	0.005826
1284.000000	0.005830
1285.000000	0.005837
1286.000000	0.005839
1287.000000	0.005844
1288.000000	0.005850
1289.000000	0.005855
1290.000000	0.005860
1291.000000	0.005866
1292.000000	0.005869
1293.000000	0.005873
1294.000000	0.005876
1295.000000	0.005883
1296.000000	0.005888
1297.000000	0.005895
1298.000000	0.005898
1299.000000	0.005901
1300.000000	0.005909
1301.000000	0.005913
1302.000000	0.005918
1303.000000	0.005921
1304.000000	0.005928
1305.000000	0.005931
1306.000000	0.005936
1307.000000	0.005940
1308.000000	0.005944
1309.000000	0.005949
1310.000000	0.005956
1311.000000	0.005962
1312.000000	0.005964
1313.000000	0.005968
1314.000000	0.005970
1315.000000	0.005974
1316.000000	0.005975
1317.000000	0.005977
1318.000000	0.005979
1319.000000	0.005982
1320.000000	0.005984
1321.000000	0.005986
1322.000000	0.005988
1323.000000	0.005991
1324.000000	0.005992
1325.000000	0.005995
1326.000000	0.005997
1327.000000	0.005999
1328.000000	0.006001
1329.000000	0.006004
1330.000000	0.006005
1331.000000	0.006008
1332.000000	0.006012
1333.000000	0.006011
1334.000000	0.006015
1335.000000	0.006017
1336.000000	0.006020
1337.000000	0.006022
1338.000000	0.006024
1339.000000	0.006026
1340.000000	0.006028
1341.000000	0.006030
1342.000000	0.006032
1343.000000	0.006034
1344.000000	0.006037
1345.000000	0.006039
1346.000000	0.006041
1347.000000	0.006044
1348.000000	0.006045
1349.000000	0.006047
1350.000000	0.006049
1351.000000	0.006052
1352.000000	0.006054
1353.000000	0.006057
1354.000000	0.006059
1355.000000	0.006061
1356.000000	0.006062
1357.000000	0.006065
1358.000000	0.006068
1359.000000	0.006069
1360.000000	0.006071
1361.000000	0.006074
1362.000000	0.006076
1363.000000	0.006078
1364.000000	0.006081
1365.000000	0.006081
1366.000000	0.006084
1367.000000	0.006087
1368.000000	0.006090
1369.000000	0.006091
1370.000000	0.006094
1371.000000	0.006095
1372.000000	0.006097
1373.000000	0.006099
1374.000000	0.006103
1375.000000	0.006104
1376.000000	0.006106
1377.000000	0.006109
1378.000000	0.006111
1379.000000	0.006113
1380.000000	0.006114
1381.000000	0.006117
1382.000000	0.006120
1383.000000	0.006121
1384.000000	0.006123
1385.000000	0.006126
1386.000000	0.006128
1387.000000	0.006129
1388.000000	0.006132
1389.000000	0.006135
1390.000000	0.006137
1391.000000	0.006139
1392.000000	0.006142
1393.000000	0.006142
1394.000000	0.006145
1395.000000	0.006147
1396.000000	0.006150
1397.000000	0.006151
1398.000000	0.006154
1399.000000	0.006156
1400.000000	0.006158
1401.000000	0.006161
1402.000000	0.006163
1403.000000	0.006165
1404.000000	0.006166
1405.000000	0.006170
1406.000000	0.006171
1407.000000	0.006174
1408.000000	0.006175
1409.000000	0.006178
1410.000000	0.006181
1411.000000	0.006182
1412.000000	0.006185
1413.000000	0.006188
1414.000000	0.006188
1415.000000	0.006190
1416.000000	0.006193
1417.000000	0.006196
1418.000000	0.006198
1419.000000	0.006200
1420.000000	0.006202
1421.000000	0.006204
1422.000000	0.006207
1423.000000	0.006209
1424.000000	0.006209
1425.000000	0.006214
1426.000000	0.006216
1427.000000	0.006218
1428.000000	0.006220
1429.000000	0.006223
1430.000000	0.006224
1431.000000	0.006225
1432.000000	0.006229
1433.000000	0.006231
1434.000000	0.006234
1435.000000	0.006234
1436.000000	0.006237
1437.000000	0.006240
1438.000000	0.006241
1439.000000	0.006244
1440.000000	0.006245
1441.000000	0.006248
1442.000000	0.006250
1443.000000	0.006252
1444.000000	0.006254
1445.000000	0.006257
1446.000000	0.006259
1447.000000	0.006261
1448.000000	0.006264
1449.000000	0.006267
1450.000000	0.006268
1451.000000	0.006270
1452.000000	0.006272
1453.000000	0.006275
1454.000000	0.006277
1455.000000	0.006279
1456.000000	0.006282
1457.000000	0.006285
1458.000000	0.006286
1459.000000	0.006290
1460.000000	0.006290
1461.000000	0.006293
1462.000000	0.006295
1463.000000	0.006298
1464.000000	0.006300
1465.000000	0.006302
1466.000000	0.006305
1467.000000	0.006307
1468.000000	0.006309
1469.000000	0.006311
1470.000000	0.006312
1471.000000	0.006314
1472.000000	0.006318
1473.000000	0.006320
1474.000000	0.006321
1475.000000	0.006324
1476.000000	0.006326
1477.000000	0.006328
1478.000000	0.006331
1479.000000	0.006333
1480.000000	0.006335
1481.000000	0.006338
1482.000000	0.006339
1483.000000	0.006342
1484.000000	0.006344
1485.000000	0.006346
1486.000000	0.006348
1487.000000	0.006350
1488.000000	0.006352
1489.000000	0.006354
1490.000000	0.006356
1491.000000	0.006358
1492.000000	0.006362
1493.000000	0.006363
1494.000000	0.006366
1495.000000	0.006367
1496.000000	0.006369
1497.000000	0.006371
1498.000000	0.006374
1499.000000	0.006376
1500.000000	0.006378
1501.000000	0.006379
1502.000000	0.006382
1503.000000	0.006386
1504.000000	0.006386
1505.000000	0.006388
1506.000000	0.006392
1507.000000	0.006394
1508.000000	0.006395
1509.000000	0.006398
1510.000000	0.006399
1511.000000	0.006402
1512.000000	0.006404
1513.000000	0.006406
1514.000000	0.006409
1515.000000	0.006412
1516.000000	0.006412
1517.000000	0.006414
1518.000000	0.006416
1519.000000	0.006418
1520.000000	0.006422
1521.000000	0.006422
1522.000000	0.006426
1523.000000	0.006427
1524.000000	0.006429
1525.000000	0.006430
1526.000000	0.006433
1527.000000	0.006435
1528.000000	0.006438
1529.000000	0.006440
1530.000000	0.006442
1531.000000	0.006444
1532.000000	0.006446
1533.000000	0.006449
1534.000000	0.006451
1535.000000	0.006452
1536.000000	0.006454
1537.000000	0.006457
1538.000000	0.006460
1539.000000	0.006462
1540.000000	0.006463
1541.000000	0.006465
1542.000000	0.006467
1543.000000	0.006470
1544.000000	0.006471
1545.000000	0.006473
1546.000000	0.006477
1547.000000	0.006477
1548.000000	0.006480
1549.000000	0.006482
1550.000000	0.006484
1551.000000	0.006486
1552.000000	0.006488
1553.000000	0.006491
1554.000000	0.006492
1555.000000	0.006494
1556.000000	0.006497
1557.000000	0.006499
1558.000000	0.006502
1559.000000	0.006502
1560.000000	0.006505
1561.000000	0.006507
1562.000000	0.006509
1563.000000	0.006512
1564.000000	0.006515
1565.000000	0.006522
1566.000000	0.006522
1567.000000	0.006527
1568.000000	0.006531
1569.000000	0.006535
1570.000000	0.006539
1571.000000	0.006546
1572.000000	0.006547
1573.000000	0.006553
1574.000000	0.006555
1575.000000	0.006561
1576.000000	0.006564
1577.000000	0.006569
1578.000000	0.006571
1579.000000	0.006577
1580.000000	0.006579
1581.000000	0.006584
1582.000000	0.006587
1583.000000	0.006591
1584.000000	0.006595
1585.000000	0.006600
1586.000000	0.006604
1587.000000	0.006607
1588.000000	0.006612
1589.000000	0.006613
1590.000000	0.006621
1591.000000	0.006622
1592.000000	0.006628
1593.000000	0.006632
1594.000000	0.006636
1595.000000	0.006637
1596.000000	0.006644
1597.000000	0.006647
1598.000000	0.006653
1599.000000	0.006655
1600.000000	0.006658
1601.000000	0.006662
1602.000000	0.006666
1603.000000	0.006672
1604.000000	0.006674
1605.000000	0.006677
1606.000000	0.006683
1607.000000	0.006686
1608.000000	0.006689
1609.000000	0.006695
1610.000000	0.006698
1611.000000	0.006700
1612.000000	0.006707
1613.000000	0.006710
1614.000000	0.006715
1615.000000	0.006718
1616.000000	0.006723
1617.000000	0.006726
1618.000000	0.006731
1619.000000	0.006735
1620.000000	0.006738
1621.000000	0.006742
1622.000000	0.006747
1623.000000	0.006749
1624.000000	0.006753
1625.000000	0.006757
1626.000000	0.006762
1627.000000	0.006767
1628.000000	0.006770
1629.000000	0.006774
1630.000000	0.006777
1631.000000	0.006781
1632.000000	0.006784
1633.000000	0.006789
1634.000000	0.006793
1635.000000	0.006797
1636.000000	0.006802
1637.000000	0.006805
1638.000000	0.006809
1639.000000	0.006813
1640.000000	0.006818
1641.000000	0.006821
1642.000000	0.006825
1643.000000	0.006829
1644.000000	0.006832
1645.000000	0.006838
1646.000000	0.006839
1647.000000	0.006844
1648.000000	0.006848
1649.000000	0.006852
1650.000000	0.006854
1651.000000	0.006862
1652.000000	0.006864
1653.000000	0.006870
1654.000000	0.006872
1655.000000	0.006876
1656.000000	0.006880
1657.000000	0.006883
1658.000000	0.006887
1659.000000	0.006891
1660.000000	0.006896
1661.000000	0.006899
1662.000000	0.006904
1663.000000	0.006907
1664.000000	0.006912
1665.000000	0.006915
1666.000000	0.006920
1667.000000	0.006924
1668.000000	0.006927
1669.000000	0.006930
1670.000000	0.006935
1671.000000	0.006938
1672.000000	0.006944
1673.000000	0.006947
1674.000000	0.006952
1675.000000	0.006954
1676.000000	0.006960
1677.000000	0.006963
1678.000000	0.006968
1679.000000	0.006971
1680.000000	0.006974
1681.000000	0.006979
1682.000000	0.006983
1683.000000	0.006986
1684.000000	0.006992
1685.000000	0.006992
1686.000000	0.006998
1687.000000	0.007001
1688.000000	0.007005
1689.000000	0.007009
1690.000000	0.007015
1691.000000	0.007019
1692.000000	0.007021
1693.000000	0.007027
1694.000000	0.007031
1695.000000	0.007033
1696.000000	0.007037
1697.000000	0.007042
1698.000000	0.007044
1699.000000	0.007050
1700.000000	0.007053
1701.000000	0.007057
1702.000000	0.007061
1703.000000	0.007065
1704.000000	0.007067
1705.000000	0.007072
1706.000000	0.007077
1707.000000	0.007080
1708.000000	0.007083
1709.000000	0.007088
1710.000000	0.007091
1711.000000	0.007096
1712.000000	0.007100
1713.000000	0.007104
1714.000000	0.007109
1715.000000	0.007110
1716.000000	0.007115
1717.000000	0.007117
1718.000000	0.007124
1719.000000	0.007125
1720.000000	0.007130
1721.000000	0.007134
1722.000000	0.007137
1723.000000	0.007140
1724.000000	0.007145
1725.000000	0.007149
1726.000000	0.007152
1727.000000	0.007155
1728.000000	0.007159
1729.000000	0.007164
1730.000000	0.007167
1731.000000	0.007171
1732.000000	0.007174
1733.000000	0.007178
1734.000000	0.007182
1735.000000	0.007186
1736.000000	0.007189
1737.000000	0.007194
1738.000000	0.007197
1739.000000	0.007202
1740.000000	0.007202
1741.000000	0.007211
1742.000000	0.007213
1743.000000	0.007216
1744.000000	0.007220
1745.000000	0.007224
1746.000000	0.007229
1747.000000	0.007232
1748.000000	0.007236
1749.000000	0.007240
1750.000000	0.007243
1751.000000	0.007249
1752.000000	0.007252
1753.000000	0.007256
1754.000000	0.007257
1755.000000	0.007264
1756.000000	0.007267
1757.000000	0.007272
1758.000000	0.007275
1759.000000	0.007279
1760.000000	0.007281
1761.000000	0.007286
1762.000000	0.007290
1763.000000	0.007294
1764.000000	0.007298
1765.000000	0.007301
1766.000000	0.007306
1767.000000	0.007308
1768.000000	0.007313
1769.000000	0.007316
1770.000000	0.007321
1771.000000	0.007325
1772.000000	0.007328
1773.000000	0.007330
1774.000000	0.007336
1775.000000	0.007338
1776.000000	0.007343
1777.000000	0.007347
1778.000000	0.007352
1779.000000	0.007353
1780.000000	0.007357
1781.000000	0.007361
1782.000000	0.007364
1783.000000	0.007368
1784.000000	0.007371
1785.000000	0.007376
1786.000000	0.007381
1787.000000	0.007384
1788.000000	0.007387
1789.000000	0.007392
1790.000000	0.007395
1791.000000	0.007399
1792.000000	0.007401
1793.000000	0.007405
1794.000000	0.007409
1795.000000	0.007413
1796.000000	0.007417
1797.000000	0.007423
1798.000000	0.007426
1799.000000	0.007427
1800.000000	0.007433
1801.000000	0.007436
1802.000000	0.007440
1803.000000	0.007442
1804.000000	0.007447
1805.000000	0.007450
1806.000000	0.007452
1807.000000	0.007459
1808.000000	0.007461
1809.000000	0.007465
1810.000000	0.007468
1811.000000	0.007473
1812.000000	0.007475
1813.000000	0.007480
1814.000000	0.007484
1815.000000	0.007488
1816.000000	0.007492
1817.000000	0.007495
1818.000000	0.007499
1819.000000	0.007501
1820.000000	0.007506
1821.000000	0.007510
1822.000000	0.007513
1823.000000	0.007517
1824.000000	0.007519
1825.000000	0.007524
1826.000000	0.007527
1827.000000	0.007531
1828.000000	0.007535
1829.000000	0.007537
1830.000000	0.007543
1831.000000	0.007545
1832.000000	0.007549
1833.000000	0.007553
1834.000000	0.007556
1835.000000	0.007560
1836.000000	0.007563
1837.000000	0.007568
1838.000000	0.007570
1839.000000	0.007576
1840.000000	0.007580
1841.000000	0.007583
1842.000000	0.007585
1843.000000	0.007587
1844.000000	0.007592
1845.000000	0.007597
1846.000000	0.007600
1847.000000	0.007603
1848.000000	0.007609
1849.000000	0.007611
1850.000000	0.007615
1851.000000	0.007619
1852.000000	0.007621
1853.000000	0.007626
1854.000000	0.007629
1855.000000	0.007632
1856.000000	0.007636
1857.000000	0.007639
1858.000000	0.007645
1859.000000	0.007648
1860.000000	0.007650
1861.000000	0.007655
1862.000000	0.007657
1863.000000	0.007663
1864.000000	0.007664
1865.000000	0.007667
1866.000000	0.007672
1867.000000	0.007677
1868.000000	0.007680
1869.000000	0.007684
1870.000000	0.007686
1871.000000	0.007690
1872.000000	0.007693
1873.000000	0.007698
1874.000000	0.007701
1875.000000	0.007704
1876.000000	0.007708
1877.000000	0.007711
1878.000000	0.007715
1879.000000	0.007718
1880.000000	0.007725
1881.000000	0.007725
1882.000000	0.007729
1883.000000	0.007737
1884.000000	0.007738
1885.000000	0.007740
1886.000000	0.007745
1887.000000	0.007748
1888.000000	0.007750
1889.000000	0.007755
1890.000000	0.007758
1891.000000	0.007761
1892.000000	0.007766
1893.000000	0.007769
1894.000000	0.007772
1895.000000	0.007778
1896.000000	0.007782
1897.000000	0.007783
1898.000000	0.007785
1899.000000	0.007791
1900.000000	0.007796
1901.000000	0.007799
1902.000000	0.007798
1903.000000	0.007803
1904.000000	0.007809
1905.000000	0.007812
1906.000000	0.007815
1907.000000	0.007819
1908.000000	0.007823
1909.000000	0.007826
1910.000000	0.007829
1911.000000	0.007832
1912.000000	0.007835
1913.000000	0.007838
1914.000000	0.007842
1915.000000	0.007846
1916.000000	0.007851
1917.000000	0.007852
1918.000000	0.007860
1919.000000	0.007861
1920.000000	0.007864
1921.000000	0.007869
1922.000000	0.007870
1923.000000	0.007877
1924.000000	0.007878
1925.000000	0.007879
1926.000000	0.007885
1927.000000	0.007890
1928.000000	0.007894
1929.000000	0.007897
1930.000000	0.007900
1931.000000	0.007905
1932.000000	0.007907
1933.000000	0.007911
1934.000000	0.007913
1935.000000	0.007917
1936.000000	0.007922
1937.000000	0.007924
1938.000000	0.007927
1939.000000	0.007931
1940.000000	0.007936
1941.000000	0.007937
1942.000000	0.007943
1943.000000	0.007946
1944.000000	0.007947
1945.000000	0.007953
1946.000000	0.007956
1947.000000	0.007958
1948.000000	0.007963
1949.000000	0.007966
1950.000000	0.007970
1951.000000	0.007972
1952.000000	0.007976
1953.000000	0.007981
1954.000000	0.007984
1955.000000	0.007990
1956.000000	0.007991
1957.000000	0.007994
1958.000000	0.007997
1959.000000	0.008002
1960.000000	0.008004
1961.000000	0.008008
1962.000000	0.008012
1963.000000	0.008016
1964.000000	0.008020
1965.000000	0.008023
1966.000000	0.008026
1967.000000	0.008029
1968.000000	0.008033
1969.000000	0.008038
1970.000000	0.008038
1971.000000	0.008044
1972.000000	0.008050
1973.000000	0.008052
1974.000000	0.008054
1975.000000	0.008057
1976.000000	0.008060
1977.000000	0.008066
1978.000000	0.008068
1979.000000	0.008071
1980.000000	0.008076
1981.000000	0.008077
1982.000000	0.008084
1983.000000	0.008087
1984.000000	0.008089
1985.000000	0.008093
1986.000000	0.008097
1987.000000	0.008100
1988.000000	0.008104
1989.000000	0.008106
1990.000000	0.008113
1991.000000	0.008113
1992.000000	0.008118
1993.000000	0.008122
1994.000000	0.008126
1995.000000	0.008129
1996.000000	0.008132
1997.000000	0.008138
1998.000000	0.008141
1999.000000	0.008143
2000.000000	0.008146
2001.000000	0.008149
2002.000000	0.008154
2003.000000	0.008158
2004.000000	0.008160
2005.000000	0.008162
2006.000000	0.008167
2007.000000	0.008172
2008.000000	0.008173
2009.000000	0.008178
2010.000000	0.008180
2011.000000	0.008185
2012.000000	0.008188
2013.000000	0.008191
2014.000000	0.008197
2015.000000	0.008198
2016.000000	0.008201
2017.000000	0.008205
2018.000000	0.008210
2019.000000	0.008212
2020.000000	0.008217
2021.000000	0.008220
2022.000000	0.008223
2023.000000	0.008225
2024.000000	0.008229
2025.000000	0.008234
2026.000000	0.008234
2027.000000	0.008239
2028.000000	0.008246
2029.000000	0.008246
2030.000000	0.008252
2031.000000	0.008253
2032.000000	0.008258
2033.000000	0.008262
2034.000000	0.008265
2035.000000	0.008268
2036.000000	0.008274
2037.000000	0.008275
2038.000000	0.008278
2039.000000	0.008282
2040.000000	0.008288
2041.000000	0.008289
2042.000000	0.008293
2043.000000	0.008299
2044.000000	0.008302
2045.000000	0.008303
2046.000000	0.008307
2047.000000	0.008310
2048.000000	0.008313
2049.000000	0.008318
2050.000000	0.008323
2051.000000	0.008327
2052.000000	0.008327
2053.000000	0.008331
2054.000000	0.008337
2055.000000	0.008337
2056.000000	0.008342
2057.000000	0.008347
2058.000000	0.008349
2059.000000	0.008353
2060.000000	0.008355
2061.000000	0.008359
2062.000000	0.008364
2063.000000	0.008367
2064.000000	0.008370
2065.000000	0.008373
2066.000000	0.008376
2067.000000	0.008379
2068.000000	0.008382
2069.000000	0.008387
2070.000000	0.008391
2071.000000	0.008393
2072.000000	0.008398
2073.000000	0.008399
2074.000000	0.008401
2075.000000	0.008407
2076.000000	0.008411
2077.000000	0.008414
2078.000000	0.008417
2079.000000	0.008421
2080.000000	0.008425
2081.000000	0.008428
2082.000000	0.008432
2083.000000	0.008436
2084.000000	0.008437
2085.000000	0.008441
2086.000000	0.008442
2087.000000	0.008448
2088.000000	0.008451
2089.000000	0.008454
2090.000000	0.008458
2091.000000	0.008460
2092.000000	0.008465
2093.000000	0.008468
2094.000000	0.008472
2095.000000	0.008474
2096.000000	0.008478
2097.000000	0.008482
2098.000000	0.008483
2099.000000	0.008487
2100.000000	0.008491
2101.000000	0.008493
2102.000000	0.008498
2103.000000	0.008500
2104.000000	0.008506
2105.000000	0.008508
2106.000000	0.008511
2107.000000	0.008515
2108.000000	0.008518
2109.000000	0.008522
2110.000000	0.008525
2111.000000	0.008527
2112.000000	0.008532
2113.000000	0.008536
2114.000000	0.008540
2115.000000	0.008542
2116.000000	0.008547
2117.000000	0.008549
2118.000000	0.008552
2119.000000	0.008556
2120.000000	0.008559
2121.000000	0.008563
2122.000000	0.008568
2123.000000	0.008571
2124.000000	0.008573
2125.000000	0.008577
2126.000000	0.008581
2127.000000	0.008585
2128.000000	0.008585
2129.000000	0.008591
2130.000000	0.008594
2131.000000	0.008598
2132.000000	0.008599
2133.000000	0.008604
2134.000000	0.008608
2135.000000	0.008610
2136.000000	0.008615
2137.000000	0.008620
2138.000000	0.008623
2139.000000	0.008626
2140.000000	0.008629
2141.000000	0.008631
2142.000000	0.008635
2143.000000	0.008637
2144.000000	0.008643
2145.000000	0.008646
2146.000000	0.008650
2147.000000	0.008652
2148.000000	0.008658
2149.000000	0.008660
2150.000000	0.008663
2151.000000	0.008665
2152.000000	0.008670
2153.000000	0.008670
2154.000000	0.008678
2155.000000	0.008678
2156.000000	0.008684
2157.000000	0.008686
2158.000000	0.008687
2159.000000	0.008693
2160.000000	0.008694
2161.000000	0.008699
2162.000000	0.008702
2163.000000	0.008705
2164.000000	0.008710
2165.000000	0.008713
2166.000000	0.008718
2167.000000	0.008721
2168.000000	0.008725
2169.000000	0.008728
2170.000000	0.008729
2171.000000	0.008733
2172.000000	0.008737
2173.000000	0.008741
2174.000000	0.008742
2175.000000	0.008747
2176.000000	0.008748
2177.000000	0.008754
2178.000000	0.008756
2179.000000	0.008761
2180.000000	0.008763
2181.000000	0.008767
2182.000000	0.008770
2183.000000	0.008772
2184.000000	0.008777
2185.000000	0.008780
2186.000000	0.008784
2187.000000	0.008785
2188.000000	0.008789
2189.000000	0.008793
2190.000000	0.008797
2191.000000	0.008800
2192.000000	0.008802
2193.000000	0.008808
2194.000000	0.008809
2195.000000	0.008814
2196.000000	0.008815
2197.000000	0.008821
2198.000000	0.008823
2199.000000	0.008827
2200.000000	0.008829
2201.000000	0.008834
2202.000000	0.008836
2203.000000	0.008839
2204.000000	0.008843
2205.000000	0.008845
2206.000000	0.008850
2207.000000	0.008853
2208.000000	0.008857
2209.000000	0.008860
2210.000000	0.008863
2211.000000	0.008865
2212.000000	0.008869
2213.000000	0.008871
2214.000000	0.008876
2215.000000	0.008879
2216.000000	0.008883
2217.000000	0.008884
2218.000000	0.008890
2219.000000	0.008892
2220.000000	0.008895
2221.000000	0.008900
2222.000000	0.008903
2223.000000	0.008907
2224.000000	0.008910
2225.000000	0.008912
2226.000000	0.008918
2227.000000	0.008919
2228.000000	0.008921
2229.000000	0.008924
2230.000000	0.008929
2231.000000	0.008932
2232.000000	0.008937
2233.000000	0.008938
2234.000000	0.008943
2235.000000	0.008946
2236.000000	0.008950
2237.000000	0.008951
2238.000000	0.008955
2239.000000	0.008959
2240.000000	0.008960
2241.000000	0.008965
2242.000000	0.008967
2243.000000	0.008972
2244.000000	0.008974
2245.000000	0.008978
2246.000000	0.008979
2247.000000	0.008985
2248.000000	0.008988
2249.000000	0.008990
2250.000000	0.008995
2251.000000	0.008998
2252.000000	0.009001
2253.000000	0.009006
2254.000000	0.009010
2255.000000	0.009011
2256.000000	0.009014
2257.000000	0.009017
2258.000000	0.009022
2259.000000	0.009024
2260.000000	0.009029
2261.000000	0.009033
2262.000000	0.009034
2263.000000	0.009039
2264.000000	0.009043
2265.000000	0.009045
2266.000000	0.009047
2267.000000	0.009051
2268.000000	0.009056
2269.000000	0.009058
2270.000000	0.009062
2271.000000	0.009064
2272.000000	0.009069
2273.000000	0.009072
2274.000000	0.009074
2275.000000	0.009078
2276.000000	0.009082
2277.000000	0.009083
2278.000000	0.009088
2279.000000	0.009091
2280.000000	0.009095
2281.000000	0.009099
2282.000000	0.009101
2283.000000	0.009104
2284.000000	0.009109
2285.000000	0.009110
2286.000000	0.009115
2287.000000	0.009119
2288.000000	0.009121
2289.000000	0.009128
2290.000000	0.009129
2291.000000	0.009133
2292.000000	0.009134
2293.000000	0.009138
2294.000000	0.009142
2295.000000	0.009147
2296.000000	0.009148
2297.000000	0.009151
2298.000000	0.009154
2299.000000	0.009159
2300.000000	0.009162
2301.000000	0.009166
2302.000000	0.009168
2303.000000	0.009170
2304.000000	0.009176
2305.000000	0.009181
2306.000000	0.009181
2307.000000	0.009188
2308.000000	0.009192
2309.000000	0.009194
2310.000000	0.009194
2311.000000	0.009199
2312.000000	0.009203
2313.000000	0.009207
2314.000000	0.009209
2315.000000	0.009214
2316.000000	0.009218
2317.000000	0.009221
2318.000000	0.009221
2319.000000	0.009226
2320.000000	0.009229
2321.000000	0.009231
2322.000000	0.009234
2323.000000	0.009238
2324.000000	0.009242
2325.000000	0.009245
2326.000000	0.009248
2327.000000	0.009251
2328.000000	0.009255
2329.000000	0.009258
2330.000000	0.009262
2331.000000	0.009265
2332.000000	0.009268
2333.000000	0.009272
2334.000000	0.009275
2335.000000	0.009278
2336.000000	0.009282
2337.000000	0.009283
2338.000000	0.009287
2339.000000	0.009291
2340.000000	0.009294
2341.000000	0.009299
2342.000000	0.009301
2343.000000	0.009306
2344.000000	0.009308
2345.000000	0.009311
2346.000000	0.009315
2347.000000	0.009316
2348.000000	0.009318
2349.000000	0.009324
2350.000000	0.009327
2351.000000	0.009330
2352.000000	0.009333
2353.000000	0.009336
2354.000000	0.009340
2355.000000	0.009343
2356.000000	0.009344
2357.000000	0.009348
2358.000000	0.009354
2359.000000	0.009355
2360.000000	0.009359
2361.000000	0.009363
2362.000000	0.009366
2363.000000	0.009371
2364.000000	0.009371
2365.000000	0.009376
2366.000000	0.009380
2367.000000	0.009384
2368.000000	0.009386
2369.000000	0.009388
2370.000000	0.009392
2371.000000	0.009398
2372.000000	0.009399
2373.000000	0.009398
2374.000000	0.009404
2375.000000	0.009409
2376.000000	0.009413
2377.000000	0.009416
2378.000000	0.009420
2379.000000	0.009423
2380.000000	0.009426
2381.000000	0.009429
2382.000000	0.009432
2383.000000	0.009435
2384.000000	0.009439
2385.000000	0.009441
2386.000000	0.009445
2387.000000	0.009450
2388.000000	0.009452
2389.000000	0.009456
2390.000000	0.009459
2391.000000	0.009464
2392.000000	0.009468
2393.000000	0.009469
2394.000000	0.009474
2395.000000	0.009475
2396.000000	0.009478
2397.000000	0.009482
2398.000000	0.009485
2399.000000	0.009487
2400.000000	0.009491
2401.000000	0.009494
2402.000000	0.009497
2403.000000	0.009501
2404.000000	0.009503
2405.000000	0.009505
2406.000000	0.009511
2407.000000	0.009514
2408.000000	0.009519
2409.000000	0.009519
2410.000000	0.009524
2411.000000	0.009526
2412.000000	0.009530
2413.000000	0.009532
2414.000000	0.009536
2415.000000	0.009540
2416.000000	0.009543
2417.000000	0.009548
2418.000000	0.009550
2419.000000	0.009554
2420.000000	0.009557
2421.000000	0.009560
2422.000000	0.009564
2423.000000	0.009567
2424.000000	0.009568
2425.000000	0.009572
2426.000000	0.009573
2427.000000	0.009580
2428.000000	0.009582
2429.000000	0.009586
2430.000000	0.009590
2431.000000	0.009593
2432.000000	0.009594
2433.000000	0.009599
2434.000000	0.009601
2435.000000	0.009605
2436.000000	0.009607
2437.000000	0.009613
2438.000000	0.009614
2439.000000	0.009618
2440.000000	0.009622
2441.000000	0.009625
2442.000000	0.009628
2443.000000	0.009631
2444.000000	0.009636
2445.000000	0.009639
2446.000000	0.009642
2447.000000	0.009645
2448.000000	0.009646
2449.000000	0.009650
2450.000000	0.009654
2451.000000	0.009658
2452.000000	0.009661
2453.000000	0.009663
2454.000000	0.009666
2455.000000	0.009670
2456.000000	0.009674
2457.000000	0.009675
2458.000000	0.009677
2459.000000	0.009682
2460.000000	0.009684
2461.000000	0.009688
2462.000000	0.009691
2463.000000	0.009695
2464.000000	0.009697
2465.000000	0.009700
2466.000000	0.009702
2467.000000	0.009708
2468.000000	0.009710
2469.000000	0.009713
2470.000000	0.009715
2471.000000	0.009720
2472.000000	0.009722
2473.000000	0.009726
2474.000000	0.009730
2475.000000	0.009734
2476.000000	0.009735
2477.000000	0.009739
2478.000000	0.009743
2479.000000	0.009745
2480.000000	0.009747
2481.000000	0.009751
2482.000000	0.009756
2483.000000	0.009757
2484.000000	0.009761
2485.000000	0.009765
2486.000000	0.009767
2487.000000	0.009772
2488.000000	0.009773
2489.000000	0.009778
2490.000000	0.009780
2491.000000	0.009784
2492.000000	0.009787
2493.000000	0.009788
2494.000000	0.009793
2495.000000	0.009795
2496.000000	0.009799
2497.000000	0.009804
2498.000000	0.009807
2499.000000	0.009809
2500.000000	0.009810
2501.000000	0.009817
2502.000000	0.009818
2503.000000	0.009824
2504.000000	0.009825
2505.000000	0.009827
2506.000000	0.009834
2507.000000	0.009834
2508.000000	0.009838
2509.000000	0.009840
2510.000000	0.009844
2511.000000	0.009846
2512.000000	0.009849
2513.000000	0.009853
2514.000000	0.009855
2515.000000	0.009860
2516.000000	0.009862
2517.000000	0.009864
2518.000000	0.009869
2519.000000	0.009873
2520.000000	0.009876
2521.000000	0.009878
2522.000000	0.009884
2523.000000	0.009884
2524.000000	0.009889
2525.000000	0.009891
2526.000000	0.009895
2527.000000	0.009899
2528.000000	0.009900
2529.000000	0.009904
2530.000000	0.009907
2531.000000	0.009909
2532.000000	0.009916
2533.000000	0.009917
2534.000000	0.009921
2535.000000	0.009924
2536.000000	0.009927
2537.000000	0.009929
2538.000000	0.009934
2539.000000	0.009936
2540.000000	0.009940
2541.000000	0.009943
2542.000000	0.009946
2543.000000	0.009948
2544.000000	0.009951
2545.000000	0.009955
2546.000000	0.009956
2547.000000	0.009962
2548.000000	0.009965
2549.000000	0.009966
2550.000000	0.009971
2551.000000	0.009975
2552.000000	0.009977
2553.000000	0.009979
2554.000000	0.009984
2555.000000	0.009985
2556.000000	0.009989
2557.000000	0.009995
2558.000000	0.009995
2559.000000	0.009999
2560.000000	0.010002
2561.000000	0.010007
2562.000000	0.010009
2563.000000	0.010011
2564.000000	0.010014
2565.000000	0.010018
2566.000000	0.010019
2567.000000	0.010023
2568.000000	0.010027
2569.000000	0.010029
2570.000000	0.010034
2571.000000	0.010035
2572.000000	0.010040
2573.000000	0.010042
2574.000000	0.010046
2575.000000	0.010048
2576.000000	0.010052
2577.000000	0.010054
2578.000000	0.010060
2579.000000	0.010062
2580.000000	0.010064
2581.000000	0.010067
2582.000000	0.010071
2583.000000	0.010071
2584.000000	0.010077
2585.000000	0.010078
2586.000000	0.010082
2587.000000	0.010085
2588.000000	0.010088
2589.000000	0.010091
2590.000000	0.010095
2591.000000	0.010099
2592.000000	0.010102
2593.000000	0.010103
2594.000000	0.010107
2595.000000	0.010109
2596.000000	0.010113
2597.000000	0.010116
2598.000000	0.010119
2599.000000	0.010122
2600.000000	0.010126
2601.000000	0.010131
2602.000000	0.010132
2603.000000	0.010136
2604.000000	0.010139
2605.000000	0.010143
2606.000000	0.010145
2607.000000	0.010148
2608.000000	0.010152
2609.000000	0.010155
2610.000000	0.010159
2611.000000	0.010161
2612.000000	0.010166
2613.000000	0.010168
2614.000000	0.010171
2615.000000	0.010175
2616.000000	0.010177
2617.000000	0.010180
2618.000000	0.010183
2619.000000	0.010188
2620.000000	0.010190
2621.000000	0.010194
2622.000000	0.010194
2623.000000	0.010198
2624.000000	0.010204
2625.000000	0.010207
2626.000000	0.010210
2627.000000	0.010216
2628.000000	0.010217
2629.000000	0.010219
2630.000000	0.010224
2631.000000	0.010228
2632.000000	0.010230
2633.000000	0.010236
2634.000000	0.010240
2635.000000	0.010245
2636.000000	0.010247
2637.000000	0.010251
2638.000000	0.010256
2639.000000	0.010258
2640.000000	0.010263
2641.000000	0.010265
2642.000000	0.010270
2643.000000	0.010274
2644.000000	0.010278
2645.000000	0.010280
2646.000000	0.010284
2647.000000	0.010288
2648.000000	0.010290
2649.000000	0.010296
2650.000000	0.010299
2651.000000	0.010304
2652.000000	0.010307
2653.000000	0.010308
2654.000000	0.010315
2655.000000	0.010317
2656.000000	0.010319
2657.000000	0.010326
2658.000000	0.010328
2659.000000	0.010330
2660.000000	0.010333
2661.000000	0.010339
2662.000000	0.010343
2663.000000	0.010345
2664.000000	0.010350
2665.000000	0.010351
2666.000000	0.010357
2667.000000	0.010357
2668.000000	0.010364
2669.000000	0.010368
2670.000000	0.010372
2671.000000	0.010374
2672.000000	0.010378
2673.000000	0.010380
2674.000000	0.010386
2675.000000	0.010387
2676.000000	0.010392
2677.000000	0.010395
2678.000000	0.010400
2679.000000	0.010403
2680.000000	0.010408
2681.000000	0.010413
2682.000000	0.010413
2683.000000	0.010417
2684.000000	0.010420
2685.000000	0.010425
2686.000000	0.010429
2687.000000	0.010432
2688.000000	0.010437
2689.000000	0.010442
2690.000000	0.010443
2691.000000	0.010447
2692.000000	0.010452
2693.000000	0.010455
2694.000000	0.010459
2695.000000	0.010463
2696.000000	0.010467
2697.000000	0.010471
2698.000000	0.010474
2699.000000	0.010476
2700.000000	0.010478
2701.000000	0.010483
2702.000000	0.010488
2703.000000	0.010489
2704.000000	0.010492
2705.000000	0.010497
2706.000000	0.010500
2707.000000	0.010506
2708.000000	0.010509
2709.000000	0.010510
2710.000000	0.010514
2711.000000	0.010518
2712.000000	0.010521
2713.000000	0.010526
2714.000000	0.010529
2715.000000	0.010537
2716.000000	0.010538
2717.000000	0.010542
2718.000000	0.010544
2719.000000	0.010548
2720.000000	0.010552
2721.000000	0.010558
2722.000000	0.010559
2723.000000	0.010562
2724.000000	0.010566
2725.000000	0.010570
2726.000000	0.010574
2727.000000	0.010578
2728.000000	0.010580
2729.000000	0.010585
2730.000000	0.010586
2731.000000	0.010594
2732.000000	0.010597
2733.000000	0.010597
2734.000000	0.010602
2735.000000	0.010607
2736.000000	0.010608
2737.000000	0.010612
2738.000000	0.010620
2739.000000	0.010620
2740.000000	0.010627
2741.000000	0.010629
2742.000000	0.010633
2743.000000	0.010637
2744.000000	0.010639
2745.000000	0.010643
2746.000000	0.010647
2747.000000	0.010649
2748.000000	0.010656
2749.000000	0.010657
2750.000000	0.010661
2751.000000	0.010664
2752.000000	0.010666
2753.000000	0.010672
2754.000000	0.010676
2755.000000	0.010680
2756.000000	0.010683
2757.000000	0.010684
2758.000000	0.010689
2759.000000	0.010690
2760.000000	0.010697
2761.000000	0.010702
2762.000000	0.010703
2763.000000	0.010705
2764.000000	0.010709
2765.000000	0.010712
2766.000000	0.010716
2767.000000	0.010722
2768.000000	0.010726
2769.000000	0.010727
2770.000000	0.010731
2771.000000	0.010737
2772.000000	0.010738
2773.000000	0.010744
2774.000000	0.010745
2775.000000	0.010749
2776.000000	0.010755
2777.000000	0.010758
2778.000000	0.010760
2779.000000	0.010764
2780.000000	0.010766
2781.000000	0.010772
2782.000000	0.010776
2783.000000	0.010779
2784.000000	0.010781
2785.000000	0.010786
2786.000000	0.010791
2787.000000	0.010791
2788.000000	0.010795
2789.000000	0.010800
2790.000000	0.010802
2791.000000	0.010808
2792.000000	0.010810
2793.000000	0.010814
2794.000000	0.010820
2795.000000	0.010823
2796.000000	0.010827
2797.000000	0.010829
2798.000000	0.010833
2799.000000	0.010835
2800.000000	0.010840
2801.000000	0.010842
2802.000000	0.010843
2803.000000	0.010848
2804.000000	0.010852
2805.000000	0.010857
2806.000000	0.010859
2807.000000	0.010862
2808.000000	0.010865
2809.000000	0.010869
2810.000000	0.010873
2811.000000	0.010876
2812.000000	0.010880
2813.000000	0.010883
2814.000000	0.010884
2815.000000	0.010890
2816.000000	0.010894
2817.000000	0.010899
2818.000000	0.010901
2819.000000	0.010904
2820.000000	0.010906
2821.000000	0.010910
2822.000000	0.010914
2823.000000	0.010917
2824.000000	0.010920
2825.000000	0.010925
2826.000000	0.010930
2827.000000	0.010930
2828.000000	0.010935
2829.000000	0.010937
2830.000000	0.010942
2831.000000	0.010946
2832.000000	0.010948
2833.000000	0.010954
2834.000000	0.010953
2835.000000	0.010960
2836.000000	0.010963
2837.000000	0.010968
2838.000000	0.010968
2839.000000	0.010973
2840.000000	0.010978
2841.000000	0.010981
2842.000000	0.010983
2843.000000	0.010987
2844.000000	0.010990
2845.000000	0.010994
2846.000000	0.010996
2847.000000	0.011001
2848.000000	0.011006
2849.000000	0.011006
2850.000000	0.011011
2851.000000	0.011015
2852.000000	0.011018
2853.000000	0.011024
2854.000000	0.011024
2855.000000	0.011028
2856.000000	0.011030
2857.000000	0.011035
2858.000000	0.011038
2859.000000	0.011042
2860.000000	0.011045
2861.000000	0.011046
2862.000000	0.011051
2863.000000	0.011053
2864.000000	0.011060
2865.000000	0.011063
2866.000000	0.011064
2867.000000	0.011071
2868.000000	0.011072
2869.000000	0.011078
2870.000000	0.011080
2871.000000	0.011083
2872.000000	0.011088
2873.000000	0.011090
2874.000000	0.011096
2875.000000	0.011096
2876.000000	0.011102
2877.000000	0.011104
2878.000000	0.011107
2879.000000	0.011111
2880.000000	0.011113
2881.000000	0.011120
2882.000000	0.011122
2883.000000	0.011127
2884.000000	0.011129
2885.000000	0.011131
2886.000000	0.011133
2887.000000	0.011139
2888.000000	0.011143
2889.000000	0.011142
2890.000000	0.011150
2891.000000	0.011155
2892.000000	0.011156
2893.000000	0.011160
2894.000000	0.011163
2895.000000	0.011168
2896.000000	0.011172
2897.000000	0.011175
2898.000000	0.011176
2899.000000	0.011178
2900.000000	0.011180
2901.000000	0.011188
2902.000000	0.011192
2903.000000	0.011194
2904.000000	0.011196
2905.000000	0.011199
2906.000000	0.011204
2907.000000	0.011209
2908.000000	0.011212
2909.000000	0.011214
2910.000000	0.011217
2911.000000	0.011222
2912.000000	0.011224
2913.000000	0.011226
2914.000000	0.011230
2915.000000	0.011232
2916.000000	0.011236
2917.000000	0.011240
2918.000000	0.011244
2919.000000	0.011247
2920.000000	0.011250
2921.000000	0.011255
2922.000000	0.011258
2923.000000	0.011260
2924.000000	0.011264
2925.000000	0.011267
2926.000000	0.011270
2927.000000	0.011274
2928.000000	0.011276
2929.000000	0.011280
2930.000000	0.011283
2931.000000	0.011287
2932.000000	0.011291
2933.000000	0.011293
2934.000000	0.011297
2935.000000	0.011299
2936.000000	0.011305
2937.000000	0.011307
2938.000000	0.011310
2939.000000	0.011313
2940.000000	0.011317
2941.000000	0.011321
2942.000000	0.011324
2943.000000	0.011325
2944.000000	0.011330
2945.000000	0.011333
2946.000000	0.011335
2947.000000	0.011340
2948.000000	0.011343
2949.000000	0.011345
2950.000000	0.011349
2951.000000	0.011351
2952.000000	0.011355
2953.000000	0.011357
2954.000000	0.011362
2955.000000	0.011368
2956.000000	0.011369
2957.000000	0.011370
2958.000000	0.011375
2959.000000	0.011379
2960.000000	0.011381
2961.000000	0.011384
2962.000000	0.011389
2963.000000	0.011392
2964.000000	0.011395
2965.000000	0.011398
2966.000000	0.011400
2967.000000	0.011404
2968.000000	0.011410
2969.000000	0.011412
2970.000000	0.011414
2971.000000	0.011418
2972.000000	0.011421
2973.000000	0.011421
2974.000000	0.011427
2975.000000	0.011432
2976.000000	0.011432
2977.000000	0.011438
2978.000000	0.011441
2979.000000	0.011442
2980.000000	0.011448
2981.000000	0.011451
2982.000000	0.011455
2983.000000	0.011458
2984.000000	0.011462
2985.000000	0.011465
2986.000000	0.011465
2987.000000	0.011470
2988.000000	0.011474
2989.000000	0.011477
2990.000000	0.011482
2991.000000	0.011482
2992.000000	0.011487
2993.000000	0.011490
2994.000000	0.011493
2995.000000	0.011495
2996.000000	0.011498
2997.000000	0.011504
2998.000000	0.011505
2999.000000	0.011509
3000.000000	0.011513
3001.000000	0.011514
3002.000000	0.011518
3003.000000	0.011522
3004.000000	0.011527
3005.000000	0.011529
3006.000000	0.011532
3007.000000	0.011536
3008.000000	0.011540
3009.000000	0.011542
3010.000000	0.011545
3011.000000	0.011548
3012.000000	0.011552
3013.000000	0.011556
3014.000000	0.011559
3015.000000	0.011563
3016.000000	0.011566
3017.000000	0.011569
3018.000000	0.011573
3019.000000	0.011576
3020.000000	0.011578
3021.000000	0.011582
3022.000000	0.011586
3023.000000	0.011588
3024.000000	0.011589
3025.000000	0.011596
3026.000000	0.011600
3027.000000	0.011599
3028.000000	0.011605
3029.000000	0.011610
3030.000000	0.011613
3031.000000	0.011616
3032.000000	0.011618
3033.000000	0.011622
3034.000000	0.011624
3035.000000	0.011630
3036.000000	0.011631
3037.000000	0.011636
3038.000000	0.011637
3039.000000	0.011640
3040.000000	0.011645
3041.000000	0.011648
3042.000000	0.011652
3043.000000	0.011655
3044.000000	0.011659
3045.000000	0.011660
3046.000000	0.011663
3047.000000	0.011667
3048.000000	0.011672
3049.000000	0.011674
3050.000000	0.011678
3051.000000	0.011681
3052.000000	0.011683
3053.000000	0.011690
3054.000000	0.011691
3055.000000	0.011693
3056.000000	0.011703
3057.000000	0.011702
3058.000000	0.011707
3059.000000	0.011707
3060.000000	0.011711
3061.000000	0.011717
3062.000000	0.011717
3063.000000	0.011719
3064.000000	0.011726
3065.000000	0.011727
3066.000000	0.011731
3067.000000	0.011734
3068.000000	0.011739
3069.000000	0.011741
3070.000000	0.011745
3071.000000	0.011747
3072.000000	0.011751
3073.000000	0.011755
3074.000000	0.011759
3075.000000	0.011760
3076.000000	0.011764
3077.000000	0.011768
3078.000000	0.011771
3079.000000	0.011773
3080.000000	0.011779
3081.000000	0.011781
3082.000000	0.011786
3083.000000	0.011785
3084.000000	0.011791
3085.000000	0.011792
3086.000000	0.011797
3087.000000	0.011800
3088.000000	0.011803
3089.000000	0.011810
3090.000000	0.011809
3091.000000	0.011815
3092.000000	0.011816
3093.000000	0.011819
3094.000000	0.011823
3095.000000	0.011826
3096.000000	0.011830
3097.000000	0.011832
3098.000000	0.011836
3099.000000	0.011837
3100.000000	0.011842
3101.000000	0.011846
3102.000000	0.011851
3103.000000	0.011851
3104.000000	0.011857
3105.000000	0.011857
3106.000000	0.011861
3107.000000	0.011864
3108.000000	0.011868
3109.000000	0.011874
3110.000000	0.011875
3111.000000	0.011878
3112.000000	0.011883
3113.000000	0.011886
3114.000000	0.011890
3115.000000	0.011891
3116.000000	0.011893
3117.000000	0.011900
3118.000000	0.011902
3119.000000	0.011901
3120.000000	0.011906
3121.000000	0.011910
3122.000000	0.011915
3123.000000	0.011915
3124.000000	0.011920
3125.000000	0.011922
3126.000000	0.011928
3127.000000	0.011930
3128.000000	0.011935
3129.000000	0.011938
3130.000000	0.011938
3131.000000	0.011942
3132.000000	0.011949
3133.000000	0.011950
3134.000000	0.011953
3135.000000	0.011957
3136.000000	0.011957
3137.000000	0.011964
3138.000000	0.011966
3139.000000	0.011968
3140.000000	0.011976
3141.000000	0.011979
3142.000000	0.011979
3143.000000	0.011981
3144.000000	0.011985
3145.000000	0.011989
3146.000000	0.011990
3147.000000	0.011992
3148.000000	0.011998
3149.000000	0.012000
3150.000000	0.012002
3151.000000	0.012004
3152.000000	0.012009
3153.000000	0.012012
3154.000000	0.012015
3155.000000	0.012020
3156.000000	0.012023
3157.000000	0.012026
3158.000000	0.012030
3159.000000	0.012035
3160.000000	0.012034
3161.000000	0.012037
3162.000000	0.012042
3163.000000	0.012043
3164.000000	0.012049
3165.000000	0.012051
3166.000000	0.012054
3167.000000	0.012057
3168.000000	0.012058
3169.000000	0.012063
3170.000000	0.012065
3171.000000	0.012070
3172.000000	0.012072
3173.000000	0.012075
3174.000000	0.012080
3175.000000	0.012082
3176.000000	0.012085
3177.000000	0.012087
3178.000000	0.012089
3179.000000	0.012095
3180.000000	0.012094
3181.000000	0.012100
3182.000000	0.012103
3183.000000	0.012104
3184.000000	0.012110
3185.000000	0.012111
3186.000000	0.012113
3187.000000	0.012116
3188.000000	0.012120
3189.000000	0.012126
3190.000000	0.012126
3191.000000	0.012132
3192.000000	0.012133
3193.000000	0.012138
3194.000000	0.012143
3195.000000	0.012144
3196.000000	0.012148
3197.000000	0.012146
3198.000000	0.012152
3199.000000	0.012155
3200.000000	0.012161
3201.000000	0.012166
3202.000000	0.012168
3203.000000	0.012170
3204.000000	0.012174
3205.000000	0.012176
3206.000000	0.012176
3207.000000	0.012181
3208.000000	0.012187
3209.000000	0.012190
3210.000000	0.012189
3211.000000	0.012196
3212.000000	0.012196
3213.000000	0.012199
3214.000000	0.012205
3215.000000	0.012207
3216.000000	0.012209
3217.000000	0.012214
3218.000000	0.012216
3219.000000	0.012218
3220.000000	0.012222
3221.000000	0.012226
3222.000000	0.012228
3223.000000	0.012233
3224.000000	0.012236
3225.000000	0.012239
3226.000000	0.012245
3227.000000	0.012247
3228.000000	0.012248
3229.000000	0.012252
3230.000000	0.012255
3231.000000	0.012257
3232.000000	0.012261
3233.000000	0.012266
3234.000000	0.012267
3235.000000	0.012271
3236.000000	0.012271
3237.000000	0.012278
3238.000000	0.012278
3239.000000	0.012283
3240.000000	0.012286
3241.000000	0.012290
3242.000000	0.012294
3243.000000	0.012294
3244.000000	0.012301
3245.000000	0.012303
3246.000000	0.012305
3247.000000	0.012308
3248.000000	0.012311
3249.000000	0.012317
3250.000000	0.012317
3251.000000	0.012321
3252.000000	0.012322
3253.000000	0.012329
3254.000000	0.012331
3255.000000	0.012334
3256.000000	0.012335
3257.000000	0.012338
3258.000000	0.012343
3259.000000	0.012345
3260.000000	0.012347
3261.000000	0.012352
3262.000000	0.012357
3263.000000	0.012359
3264.000000	0.012363
3265.000000	0.012364
3266.000000	0.012367
3267.000000	0.012373
3268.000000	0.012374
3269.000000	0.012380
3270.000000	0.012380
3271.000000	0.012386
3272.000000	0.012390
3273.000000	0.012389
3274.000000	0.012396
3275.000000	0.012398
3276.000000	0.012399
3277.000000	0.012402
3278.000000	0.012408
3279.000000	0.012412
3280.000000	0.012415
3281.000000	0.012421
3282.000000	0.012421
3283.000000	0.012426
3284.000000	0.012427
3285.000000	0.012432
3286.000000	0.012433
3287.000000	0.012438
3288.000000	0.012443
3289.000000	0.012444
3290.000000	0.012445
3291.000000	0.012451
3292.000000	0.012452
3293.000000	0.012457
3294.000000	0.012460
3295.000000	0.012463
3296.000000	0.012466
3297.000000	0.012469
3298.000000	0.012472
3299.000000	0.012475
3300.000000	0.012479
3301.000000	0.012483
3302.000000	0.012486
3303.000000	0.012489
3304.000000	0.012491
3305.000000	0.012498
3306.000000	0.012498
3307.000000	0.012501
3308.000000	0.012505
3309.000000	0.012508
3310.000000	0.012513
3311.000000	0.012513
3312.000000	0.012518
3313.000000	0.012523
3314.000000	0.012524
3315.000000	0.012529
3316.000000	0.012529
3317.000000	0.012534
3318.000000	0.012537
3319.000000	0.012542
3320.000000	0.012544
3321.000000	0.012547
3322.000000	0.012554
3323.000000	0.012553
3324.000000	0.012557
3325.000000	0.012559
3326.000000	0.012563
3327.000000	0.012566
3328.000000	0.012570
3329.000000	0.012573
3330.000000	0.012575
3331.000000	0.012579
3332.000000	0.012582
3333.000000	0.012584
3334.000000	0.012589
3335.000000	0.012595
3336.000000	0.012597
3337.000000	0.012599
3338.000000	0.012601
3339.000000	0.012604
3340.000000	0.012608
3341.000000	0.012610
3342.000000	0.012615
3343.000000	0.012617
3344.000000	0.012620
3345.000000	0.012625
3346.000000	0.012627
3347.000000	0.012629
3348.000000	0.012634
3349.000000	0.012637
3350.000000	0.012638
3351.000000	0.012644
3352.000000	0.012644
3353.000000	0.012650
3354.000000	0.012653
3355.000000	0.012654
3356.000000	0.012661
3357.000000	0.012663
3358.000000	0.012668
3359.000000	0.012667
3360.000000	0.012672
3361.000000	0.012676
3362.000000	0.012678
3363.000000	0.012683
3364.000000	0.012684
3365.000000	0.012689
3366.000000	0.012690
3367.000000	0.012693
3368.000000	0.012697
3369.000000	0.012703
3370.000000	0.012704
3371.000000	0.012707
3372.000000	0.012709
3373.000000	0.012715
3374.000000	0.012717
3375.000000	0.012722
3376.000000	0.012723
3377.000000	0.012726
3378.000000	0.012729
3379.000000	0.012733
3380.000000	0.012734
3381.000000	0.012738
3382.000000	0.012745
3383.000000	0.012746
3384.000000	0.012749
3385.000000	0.012750
3386.000000	0.012756
3387.000000	0.012758
3388.000000	0.012762
3389.000000	0.012763
3390.000000	0.012768
3391.000000	0.012770
3392.000000	0.012776
3393.000000	0.012778
3394.000000	0.012779
3395.000000	0.012784
3396.000000	0.012786
3397.000000	0.012790
3398.000000	0.012793
3399.000000	0.012797
3400.000000	0.012800
3401.000000	0.012802
3402.000000	0.012805
3403.000000	0.012810
3404.000000	0.012811
3405.000000	0.012815
3406.000000	0.012818
3407.000000	0.012823
3408.000000	0.012824
3409.000000	0.012828
3410.000000	0.012831
3411.000000	0.012834
3412.000000	0.012837
3413.000000	0.012842
3414.000000	0.012843
3415.000000	0.012847
3416.000000	0.012851
3417.000000	0.012855
3418.000000	0.012856
3419.000000	0.012859
3420.000000	0.012865
3421.000000	0.012868
3422.000000	0.012871
3423.000000	0.012873
3424.000000	0.012878
3425.000000	0.012878
3426.000000	0.012883
3427.000000	0.012887
3428.000000	0.012890
3429.000000	0.012894
3430.000000	0.012896
3431.000000	0.012898
3432.000000	0.012903
3433.000000	0.012905
3434.000000	0.012908
3435.000000	0.012912
3436.000000	0.012915
3437.000000	0.012920
3438.000000	0.012922
3439.000000	0.012926
3440.000000	0.012930
3441.000000	0.012932
3442.000000	0.012936
3443.000000	0.012938
3444.000000	0.012939
3445.000000	0.012943
3446.000000	0.012946
3447.000000	0.012952
3448.000000	0.012955
3449.000000	0.012955
3450.000000	0.012962
3451.000000	0.012964
3452.000000	0.012966
3453.000000	0.012971
3454.000000	0.012976
3455.000000	0.012977
3456.000000	0.012981
3457.000000	0.012981
3458.000000	0.012985
3459.000000	0.012989
