0.000000	2.003625
1.000000	2.003486
1.000000	2.003372
2.000000	2.003179
3.000000	2.003168
4.000000	2.003177
5.000000	2.003045
6.000000	2.002900
7.000000	2.002715
8.000000	2.002791
9.000000	2.002740
10.000000	2.002436
11.000000	2.002537
12.000000	2.002145
13.000000	2.002109
14.000000	2.002107
15.000000	2.002054
16.000000	2.001828
17.000000	2.001727
18.000000	2.001536
19.000000	2.001725
20.000000	2.001874
21.000000	2.008399
22.000000	4.982679
23.000000	5.874591
24.000000	6.374319
25.000000	6.739638
26.000000	7.027177
27.000000	7.262714
28.000000	7.461178
29.000000	7.631385
30.000000	7.779457
31.000000	7.909627
32.000000	8.025164
33.000000	8.128678
34.000000	8.221752
35.000000	8.306152
36.000000	8.383078
37.000000	8.453381
38.000000	8.518023
39.000000	8.577599
40.000000	8.632711
41.000000	8.683866
42.000000	8.731429
43.000000	8.775802
44.000000	8.817322
45.000000	8.856154
46.000000	8.892666
47.000000	8.926981
48.000000	8.959350
49.000000	8.989919
50.000000	9.018804
51.000000	9.046161
52.000000	9.072119
53.000000	9.096759
54.000000	9.120167
55.000000	9.142457
56.000000	9.163709
57.000000	9.183996
58.000000	9.203347
59.000000	9.221808
60.000000	9.239501
61.000000	9.256456
62.000000	9.272686
63.000000	9.288265
64.000000	9.303240
65.000000	9.317624
66.000000	9.331467
67.000000	9.344774
68.000000	9.357577
69.000000	9.369922
70.000000	9.381805
71.000000	9.393281
72.000000	9.404383
73.000000	9.415090
74.000000	9.425460
75.000000	9.435474
76.000000	9.445168
77.000000	9.454526
78.000000	9.463653
79.000000	9.472468
80.000000	9.480981
81.000000	9.489262
82.000000	9.497286
83.000000	9.505081
84.000000	9.512677
85.000000	9.520021
86.000000	9.527180
87.000000	9.534116
88.000000	9.540877
89.000000	9.547463
90.000000	9.553883
91.000000	9.560121
92.000000	9.566226
93.000000	9.572117
94.000000	9.577892
95.000000	9.583554
96.000000	9.589044
97.000000	9.594384
98.000000	9.599620
99.000000	9.604698
100.000000	9.609670
101.000000	9.614538
102.000000	9.619320
103.000000	9.623950
104.000000	9.628478
105.000000	9.632945
106.000000	9.637289
107.000000	9.641530
108.000000	9.645674
109.000000	9.649759
110.000000	9.653736
111.000000	9.657666
112.000000	9.661502
113.000000	9.665252
114.000000	9.668904
115.000000	9.672485
116.000000	9.676007
117.000000	9.679474
118.000000	9.682853
119.000000	9.686186
120.000000	9.689435
121.000000	9.692639
122.000000	9.695781
123.000000	9.698854
124.000000	9.701873
125.000000	9.704831
126.000000	9.707783
127.000000	9.710626
128.000000	9.713445
129.000000	9.716245
130.000000	9.718983
131.000000	9.721645
132.000000	9.724274
133.000000	9.726859
134.000000	9.729377
135.000000	9.731860
136.000000	9.734332
137.000000	9.736710
138.000000	9.739112
139.000000	9.741462
140.000000	9.743749
141.000000	9.745987
142.000000	9.748254
143.000000	9.750459
144.000000	9.752588
145.000000	9.754694
146.000000	9.756818
147.000000	9.758870
148.000000	9.760914
149.000000	9.762893
150.000000	9.764853
151.000000	9.766803
152.000000	9.768694
153.000000	9.770598
154.000000	9.772454
155.000000	9.774290
156.000000	9.776102
157.000000	9.777898
158.000000	9.779649
159.000000	9.781361
160.000000	9.783086
161.000000	9.784791
162.000000	9.786463
163.000000	9.788088
164.000000	9.789726
165.000000	9.791336
166.000000	9.792910
167.000000	9.794459
168.000000	9.795994
169.000000	9.797488
170.000000	9.798987
171.000000	9.800494
172.000000	9.801969
173.000000	9.803400
174.000000	9.804815
175.000000	9.806240
176.000000	9.807631
177.000000	9.808998
178.000000	9.810385
179.000000	9.811716
180.000000	9.813051
181.000000	9.814368
182.000000	9.815651
183.000000	9.816917
184.000000	9.818171
185.000000	9.819410
186.000000	9.820632
187.000000	9.821871
188.000000	9.823101
189.000000	9.824290
190.000000	9.825487
191.000000	9.826623
192.000000	9.827791
193.000000	9.828933
194.000000	9.830072
195.000000	9.831153
196.000000	9.832265
197.000000	9.833352
198.000000	9.834436
199.000000	9.835522
200.000000	9.836530
201.000000	9.837594
202.000000	9.838627
203.000000	9.839674
204.000000	9.840696
205.000000	9.841689
206.000000	9.842669
207.000000	9.843662
208.000000	9.844622
209.000000	9.845601
210.000000	9.846520
211.000000	9.847458
212.000000	9.848409
213.000000	9.849328
214.000000	9.850241
215.000000	9.851142
216.000000	9.852043
217.000000	9.852923
218.000000	9.853817
219.000000	9.854691
220.000000	9.855579
221.000000	9.856408
222.000000	9.857265
223.000000	9.858037
224.000000	9.858918
225.000000	9.859712
226.000000	9.860561
227.000000	9.861341
228.000000	9.862123
229.000000	9.862906
230.000000	9.863704
231.000000	9.864478
232.000000	9.865276
233.000000	9.866056
234.000000	9.866810
235.000000	9.867580
236.000000	9.868324
237.000000	9.868999
238.000000	9.869734
239.000000	9.870485
240.000000	9.871230
241.000000	9.871952
242.000000	9.872621
243.000000	9.873336
244.000000	9.874013
245.000000	9.874733
246.000000	9.875409
247.000000	9.876105
248.000000	9.876755
249.000000	9.877445
250.000000	9.878068
251.000000	9.878706
252.000000	9.879380
253.000000	9.880032
254.000000	9.880631
255.000000	9.881264
256.000000	9.881896
257.000000	9.882539
258.000000	9.883124
259.000000	9.883778
260.000000	9.884375
261.000000	9.884958
262.000000	9.885574
263.000000	9.886180
264.000000	9.886746
265.000000	9.887310
266.000000	9.887941
267.000000	9.888507
268.000000	9.889065
269.000000	9.889630
270.000000	9.890174
271.000000	9.890759
272.000000	9.891341
273.000000	9.891882
274.000000	9.892444
275.000000	9.892972
276.000000	9.893542
277.000000	9.894025
278.000000	9.894554
279.000000	9.895093
280.000000	9.895641
281.000000	9.896139
282.000000	9.896619
283.000000	9.897144
284.000000	9.897656
285.000000	9.898159
286.000000	9.898678
287.000000	9.899152
288.000000	9.899683
289.000000	9.900175
290.000000	9.900676
291.000000	9.901138
292.000000	9.901597
293.000000	9.902137
294.000000	9.902588
295.000000	9.903075
296.000000	9.903543
297.000000	9.904030
298.000000	9.904475
299.000000	9.904941
300.000000	9.905407
301.000000	9.905841
302.000000	9.906297
303.000000	9.906745
304.000000	9.907162
305.000000	9.907596
306.000000	9.908047
307.000000	9.908459
308.000000	9.908904
309.000000	9.909300
310.000000	9.909747
311.000000	9.910173
312.000000	9.910546
313.000000	9.910994
314.000000	9.911390
315.000000	9.911800
316.000000	9.912230
317.000000	9.912612
318.000000	9.913042
319.000000	9.913399
320.000000	9.913791
321.000000	9.914210
322.000000	9.914602
323.000000	9.915023
324.000000	9.915399
325.000000	9.915754
326.000000	9.916145
327.000000	9.916528
328.000000	9.916904
329.000000	9.917317
330.000000	9.917652
331.000000	9.918021
332.000000	9.918396
333.000000	9.918761
334.000000	9.919137
335.000000	9.919482
336.000000	9.919880
337.000000	9.920201
338.000000	9.920579
339.000000	9.920912
340.000000	9.921289
341.000000	9.921637
342.000000	9.921971
343.000000	9.922329
344.000000	9.922659
345.000000	9.923027
346.000000	9.923331
