0.000000	0.000026
1.000000	0.000025
1.000000	0.000025
2.000000	0.000024
3.000000	0.000024
4.000000	0.000024
5.000000	0.000023
6.000000	0.000023
7.000000	0.000022
8.000000	0.000022
9.000000	0.000022
10.000000	0.000021
11.000000	0.000021
12.000000	0.000019
13.000000	0.000019
14.000000	0.000019
15.000000	0.000019
16.000000	0.000018
17.000000	0.000018
18.000000	0.000017
19.000000	0.000018
20.000000	0.000018
21.000000	0.000047
22.000000	0.173315
23.000000	0.592959
24.000000	1.031879
25.000000	1.518511
26.000000	1.922996
27.000000	2.413650
28.000000	2.899886
29.000000	3.316892
30.000000	3.679669
31.000000	4.091770
32.000000	4.503240
33.000000	4.969052
34.000000	5.396584
35.000000	5.810143
36.000000	6.187084
37.000000	6.632989
38.000000	7.072556
39.000000	7.477671
40.000000	7.917861
41.000000	8.368017
42.000000	8.786577
43.000000	9.177058
44.000000	9.676676
45.000000	10.319345
46.000000	10.923622
47.000000	11.491527
48.000000	12.027242
49.000000	12.533154
50.000000	13.076074
51.000000	13.623222
52.000000	14.142388
53.000000	14.635188
54.000000	15.103340
55.000000	15.549148
56.000000	15.974176
57.000000	16.379926
58.000000	16.795398
59.000000	17.321525
60.000000	17.825790
61.000000	18.308996
62.000000	18.771545
63.000000	19.215564
64.000000	19.642334
65.000000	20.052278
66.000000	20.446801
67.000000	20.826062
68.000000	21.190933
69.000000	21.542768
70.000000	21.881454
71.000000	22.208514
72.000000	22.680480
73.000000	23.365728
74.000000	24.029427
75.000000	24.670304
76.000000	25.290771
77.000000	25.889632
78.000000	26.473792
79.000000	27.037946
80.000000	27.582778
81.000000	28.112768
82.000000	28.626317
83.000000	29.130246
84.000000	29.624005
85.000000	30.101339
86.000000	30.566667
87.000000	31.017553
88.000000	31.456979
89.000000	31.885069
90.000000	32.302408
91.000000	32.707884
92.000000	33.104703
93.000000	33.487618
94.000000	33.862967
95.000000	34.231017
96.000000	34.587892
97.000000	34.934947
98.000000	35.275326
99.000000	35.746262
100.000000	36.218631
101.000000	36.681129
102.000000	37.135362
103.000000	37.575240
104.000000	38.005457
105.000000	38.429803
106.000000	38.842484
107.000000	39.245302
108.000000	39.639058
109.000000	40.027086
110.000000	40.404901
111.000000	40.778232
112.000000	41.142690
113.000000	41.498978
114.000000	41.845908
115.000000	42.186056
116.000000	42.520627
117.000000	42.850020
118.000000	43.171035
119.000000	43.487670
120.000000	43.796344
121.000000	44.100724
122.000000	44.399223
123.000000	44.691149
124.000000	45.206354
125.000000	45.848370
126.000000	46.488803
127.000000	47.105777
128.000000	47.717522
129.000000	48.325187
130.000000	48.919398
131.000000	49.497008
132.000000	50.067567
133.000000	50.628338
134.000000	51.174766
135.000000	51.713685
136.000000	52.250109
137.000000	52.766048
138.000000	53.287217
139.000000	53.797232
140.000000	54.293598
141.000000	54.779266
142.000000	55.271075
143.000000	55.749668
144.000000	56.211596
145.000000	56.668598
146.000000	57.129441
147.000000	57.574833
148.000000	58.018403
149.000000	58.447846
150.000000	58.873210
151.000000	59.296294
152.000000	59.706620
153.000000	60.119679
154.000000	60.522518
155.000000	60.921017
156.000000	61.314047
157.000000	61.703909
158.000000	62.083746
159.000000	62.455380
160.000000	62.829770
161.000000	63.199582
162.000000	63.562580
163.000000	63.915118
164.000000	64.270607
165.000000	64.619955
166.000000	64.961557
167.000000	65.297690
168.000000	65.630655
169.000000	65.954961
170.000000	66.280179
171.000000	66.868104
172.000000	67.966681
173.000000	69.033223
174.000000	70.087249
175.000000	71.149024
176.000000	72.185095
177.000000	73.203212
178.000000	74.236899
179.000000	75.228420
180.000000	76.223069
181.000000	77.204458
182.000000	78.159995
183.000000	79.103090
184.000000	80.037544
185.000000	80.960375
186.000000	81.870616
187.000000	82.794118
188.000000	83.710617
189.000000	84.595901
190.000000	85.487442
191.000000	86.334358
192.000000	87.203997
193.000000	88.054936
194.000000	88.903416
195.000000	89.708985
196.000000	90.537201
197.000000	91.347463
198.000000	92.154596
199.000000	92.964039
200.000000	93.714924
201.000000	94.507232
202.000000	95.276817
203.000000	96.057353
204.000000	96.818371
205.000000	97.558305
206.000000	98.288107
207.000000	99.028041
208.000000	99.743762
209.000000	100.472745
210.000000	101.157176
211.000000	101.856508
212.000000	102.564407
213.000000	103.249583
214.000000	103.929396
215.000000	104.600566
216.000000	105.271737
217.000000	105.928007
218.000000	106.593740
219.000000	107.244572
220.000000	107.906429
221.000000	108.523662
222.000000	109.162499
223.000000	109.737565
224.000000	110.393910
225.000000	110.985365
226.000000	111.618243
227.000000	112.198821
228.000000	112.781709
229.000000	113.365342
230.000000	113.959182
231.000000	114.535812
232.000000	115.130396
233.000000	115.711720
234.000000	116.273524
235.000000	116.847026
236.000000	117.401007
237.000000	117.904180
238.000000	118.451904
239.000000	119.011325
240.000000	119.566052
241.000000	120.104389
242.000000	120.602869
243.000000	121.135022
244.000000	121.639759
245.000000	122.175712
246.000000	122.679705
247.000000	123.198523
248.000000	123.682177
249.000000	124.196301
250.000000	124.660362
251.000000	125.136268
252.000000	125.637876
253.000000	126.123840
254.000000	126.570020
255.000000	127.041903
256.000000	127.512296
257.000000	127.991257
258.000000	128.427231
259.000000	128.914759
260.000000	129.359375
261.000000	129.793784
262.000000	130.252406
263.000000	130.704025
264.000000	131.125993
265.000000	131.545578
266.000000	132.015896
267.000000	132.437864
268.000000	132.853499
269.000000	133.274648
270.000000	133.679406
271.000000	134.115380
272.000000	134.549045
273.000000	134.952164
274.000000	135.371003
275.000000	135.763991
276.000000	136.189088
277.000000	136.548476
278.000000	136.943028
279.000000	137.344657
280.000000	137.752545
281.000000	138.123629
282.000000	138.481527
283.000000	138.872205
284.000000	139.253496
285.000000	139.628529
286.000000	140.015259
287.000000	140.368463
288.000000	140.763835
289.000000	142.660600
290.000000	147.423900
291.000000	151.807200
292.000000	156.171500
293.000000	161.302450
294.000000	165.586950
295.000000	170.209650
296.000000	174.663250
297.000000	179.285950
298.000000	183.510600
299.000000	187.934750
300.000000	192.368400
301.000000	196.493300
302.000000	200.817700
303.000000	205.081300
304.000000	209.037100
305.000000	213.162000
306.000000	217.446500
307.000000	221.361450
308.000000	225.586100
309.000000	229.352850
310.000000	233.596500
311.000000	237.641600
312.000000	241.188900
313.000000	245.443000
314.000000	249.209750
315.000000	253.095250
316.000000	257.180250
317.000000	260.816850
318.000000	264.901850
319.000000	268.289550
320.000000	272.015450
321.000000	275.991200
322.000000	279.717100
323.000000	283.722300
324.000000	287.289550
325.000000	290.666800
326.000000	294.373700
327.000000	298.019800
328.000000	301.587050
329.000000	305.512450
330.000000	308.691150
331.000000	312.197600
332.000000	315.764850
333.000000	319.232350
334.000000	322.798650
335.000000	326.077100
336.000000	329.862850
337.000000	332.911400
338.000000	336.498600
339.000000	339.666850
340.000000	343.243600
341.000000	346.551500
342.000000	349.719750
343.000000	353.127400
344.000000	356.255750
345.000000	359.753650
346.000000	362.642600
