0.000000	1.998310
1.000000	1.998617
1.000000	1.998531
2.000000	1.998398
3.000000	1.998428
4.000000	1.998541
5.000000	1.998503
6.000000	1.998420
7.000000	1.998615
8.000000	1.998392
9.000000	1.998430
10.000000	1.998388
11.000000	1.998386
12.000000	1.998436
13.000000	1.998459
14.000000	1.998484
15.000000	1.998380
16.000000	1.998187
17.000000	1.998245
18.000000	1.998277
19.000000	1.998199
20.000000	1.998161
21.000000	1.998336
22.000000	1.998338
23.000000	1.998424
24.000000	1.998114
25.000000	1.998229
26.000000	1.998218
27.000000	1.998199
28.000000	1.998197
29.000000	1.998117
30.000000	1.998315
31.000000	1.998134
32.000000	1.998258
33.000000	1.998075
34.000000	1.998167
35.000000	1.998138
36.000000	1.998552
37.000000	1.998273
38.000000	1.998533
39.000000	1.998087
40.000000	1.997886
41.000000	1.997944
42.000000	1.997798
43.000000	1.997953
44.000000	1.997867
45.000000	1.997908
46.000000	1.997988
47.000000	1.997904
48.000000	1.998004
49.000000	1.997699
50.000000	1.997783
51.000000	1.997787
52.000000	1.997743
53.000000	1.997900
54.000000	1.997747
55.000000	1.997657
56.000000	1.997571
57.000000	1.997623
58.000000	1.997710
59.000000	1.997789
60.000000	1.997703
61.000000	1.997290
62.000000	1.997451
63.000000	1.997571
64.000000	1.997613
65.000000	1.997682
66.000000	1.997636
67.000000	1.997695
68.000000	1.997672
69.000000	1.997443
70.000000	1.997510
71.000000	1.997514
72.000000	1.997529
73.000000	1.997630
74.000000	1.997590
75.000000	1.997611
76.000000	1.997630
77.000000	1.997596
78.000000	1.997460
79.000000	1.998101
80.000000	2.000271
81.000000	2.001436
82.000000	2.003455
83.000000	2.004906
84.000000	2.006266
85.000000	2.007335
86.000000	2.008991
87.000000	2.009895
88.000000	2.010941
89.000000	2.012050
90.000000	2.013155
91.000000	2.013886
92.000000	2.015121
93.000000	2.015980
94.000000	2.016739
95.000000	2.017666
96.000000	2.018721
97.000000	2.019575
98.000000	2.020490
99.000000	2.021133
100.000000	2.022114
101.000000	2.022812
102.000000	2.023580
103.000000	2.024503
104.000000	2.025506
105.000000	2.026356
106.000000	2.026789
107.000000	2.027519
108.000000	2.028594
109.000000	2.029336
110.000000	2.030134
111.000000	2.030973
112.000000	2.031735
113.000000	2.032669
114.000000	2.033380
115.000000	2.033841
116.000000	2.034615
117.000000	2.035524
118.000000	2.036328
119.000000	2.037176
120.000000	2.037776
121.000000	2.038449
122.000000	2.039359
123.000000	2.040233
124.000000	2.040882
125.000000	2.041621
126.000000	2.042280
127.000000	2.042914
128.000000	2.044016
129.000000	2.044601
130.000000	2.045325
131.000000	2.046071
132.000000	2.046838
133.000000	2.047523
134.000000	2.048241
135.000000	2.048868
136.000000	2.049758
137.000000	2.050408
138.000000	2.051220
139.000000	2.051908
140.000000	2.052831
141.000000	2.053456
142.000000	2.054473
143.000000	2.054814
144.000000	2.055626
145.000000	2.056337
146.000000	2.057097
147.000000	2.057882
148.000000	2.058535
149.000000	2.059226
150.000000	2.060018
151.000000	2.060743
152.000000	2.061651
153.000000	2.062273
154.000000	2.062867
155.000000	2.063461
156.000000	2.064332
157.000000	2.065183
158.000000	2.065707
159.000000	2.066670
160.000000	2.067336
161.000000	2.067936
162.000000	2.068713
163.000000	2.069420
164.000000	2.070282
165.000000	2.070943
166.000000	2.071531
167.000000	2.072308
168.000000	2.073113
169.000000	2.073739
170.000000	2.074434
171.000000	2.075262
172.000000	2.075891
173.000000	2.076381
174.000000	2.077208
175.000000	2.077947
176.000000	2.078820
177.000000	2.079365
178.000000	2.080201
179.000000	2.080784
180.000000	2.081641
181.000000	2.082201
182.000000	2.083240
183.000000	2.083761
184.000000	2.084421
185.000000	2.085037
186.000000	2.085851
187.000000	2.086444
188.000000	2.087261
189.000000	2.088064
190.000000	2.088548
191.000000	2.089293
192.000000	2.090079
193.000000	2.090748
194.000000	2.091425
195.000000	2.092135
196.000000	2.093115
197.000000	2.093509
198.000000	2.094022
199.000000	2.094838
200.000000	2.095508
201.000000	2.096274
202.000000	2.097061
203.000000	2.097775
204.000000	2.098469
205.000000	2.099087
206.000000	2.099835
207.000000	2.100389
208.000000	2.101179
209.000000	2.101911
210.000000	2.102360
211.000000	2.103403
212.000000	2.104096
213.000000	2.104619
214.000000	2.105487
215.000000	2.105905
216.000000	2.106669
217.000000	2.107393
218.000000	2.107956
219.000000	2.108596
220.000000	2.109531
221.000000	2.110116
222.000000	2.111024
223.000000	2.111413
224.000000	2.112099
225.000000	2.113006
226.000000	2.113621
227.000000	2.114191
228.000000	2.114966
229.000000	2.115614
230.000000	2.116281
231.000000	2.116851
232.000000	2.117610
233.000000	2.118424
234.000000	2.119117
235.000000	2.119805
236.000000	2.120499
237.000000	2.121065
238.000000	2.121829
239.000000	2.122513
240.000000	2.123335
241.000000	2.123991
242.000000	2.124563
243.000000	2.125488
244.000000	2.125913
245.000000	2.126540
246.000000	2.127485
247.000000	2.127959
248.000000	2.128685
249.000000	2.129227
250.000000	2.129987
251.000000	2.130757
252.000000	2.131448
253.000000	2.131989
254.000000	2.132823
255.000000	2.133639
256.000000	2.133970
257.000000	2.134785
258.000000	2.135565
259.000000	2.136288
260.000000	2.136762
261.000000	2.137511
262.000000	2.138223
263.000000	2.138850
264.000000	2.139450
265.000000	2.139971
266.000000	2.140902
267.000000	2.141317
268.000000	2.142101
269.000000	2.142665
270.000000	2.143329
271.000000	2.144317
272.000000	2.144743
273.000000	2.145715
274.000000	2.146137
275.000000	2.146843
276.000000	2.147485
277.000000	2.148015
278.000000	2.148715
279.000000	2.149495
280.000000	2.150009
281.000000	2.150847
282.000000	2.151411
283.000000	2.151885
284.000000	2.152763
285.000000	2.153195
286.000000	2.154350
287.000000	2.154648
288.000000	2.155369
289.000000	2.156161
290.000000	2.156643
291.000000	2.157298
292.000000	2.158006
293.000000	2.158834
294.000000	2.159358
295.000000	2.159912
296.000000	2.160513
297.000000	2.161331
298.000000	2.162159
299.000000	2.162783
300.000000	2.163075
301.000000	2.164149
302.000000	2.164716
303.000000	2.165354
304.000000	2.165907
305.000000	2.166489
306.000000	2.167404
307.000000	2.167901
308.000000	2.168292
309.000000	2.169337
310.000000	2.169745
311.000000	2.170653
312.000000	2.171379
313.000000	2.171503
314.000000	2.172645
315.000000	2.172911
316.000000	2.173831
317.000000	2.174278
318.000000	2.174989
319.000000	2.175657
320.000000	2.176246
321.000000	2.176983
322.000000	2.177548
323.000000	2.178353
324.000000	2.178883
325.000000	2.179309
326.000000	2.180089
327.000000	2.180885
328.000000	2.181697
329.000000	2.182170
330.000000	2.182679
331.000000	2.183500
332.000000	2.183835
333.000000	2.184646
334.000000	2.185206
335.000000	2.185809
336.000000	2.186507
337.000000	2.187133
338.000000	2.187841
339.000000	2.188369
340.000000	2.188925
341.000000	2.189618
342.000000	2.190281
343.000000	2.191130
344.000000	2.191467
345.000000	2.192109
346.000000	2.192642
347.000000	2.193316
348.000000	2.194008
349.000000	2.194552
350.000000	2.195293
351.000000	2.195969
352.000000	2.196456
353.000000	2.196941
354.000000	2.197732
355.000000	2.198286
356.000000	2.199130
357.000000	2.199685
358.000000	2.200253
359.000000	2.200840
360.000000	2.201555
361.000000	2.202159
362.000000	2.202950
363.000000	2.203362
364.000000	2.204161
365.000000	2.204715
366.000000	2.205435
367.000000	2.205916
368.000000	2.206738
369.000000	2.207077
370.000000	2.207897
371.000000	2.208476
372.000000	2.209064
373.000000	2.209618
374.000000	2.210265
375.000000	2.210991
376.000000	2.211603
377.000000	2.212221
378.000000	2.212831
379.000000	2.213519
380.000000	2.214156
381.000000	2.214817
382.000000	2.215416
383.000000	2.216160
384.000000	2.216840
385.000000	2.217421
386.000000	2.217973
387.000000	2.218661
388.000000	2.219204
389.000000	2.219934
390.000000	2.220861
391.000000	2.221329
392.000000	2.221776
393.000000	2.222397
394.000000	2.222935
395.000000	2.223543
396.000000	2.224557
397.000000	2.224853
398.000000	2.225544
399.000000	2.226474
400.000000	2.227005
401.000000	2.227472
402.000000	2.228061
403.000000	2.228604
404.000000	2.229458
405.000000	2.229832
406.000000	2.230497
407.000000	2.231227
408.000000	2.231952
409.000000	2.232411
410.000000	2.232927
411.000000	2.233811
412.000000	2.234239
413.000000	2.234707
414.000000	2.235368
415.000000	2.236237
416.000000	2.236646
417.000000	2.237280
418.000000	2.237832
419.000000	2.238493
420.000000	2.239144
421.000000	2.239759
422.000000	2.240174
423.000000	2.241205
424.000000	2.241448
425.000000	2.242159
426.000000	2.242821
427.000000	2.243228
428.000000	2.243870
429.000000	2.244592
430.000000	2.245278
431.000000	2.245528
432.000000	2.246439
433.000000	2.246926
434.000000	2.247374
435.000000	2.248102
436.000000	2.248674
437.000000	2.249176
438.000000	2.249923
439.000000	2.250379
440.000000	2.251169
441.000000	2.251575
442.000000	2.252070
443.000000	2.252935
444.000000	2.253401
445.000000	2.254309
446.000000	2.254653
447.000000	2.255242
448.000000	2.255808
449.000000	2.256465
450.000000	2.256927
451.000000	2.257441
452.000000	2.258133
453.000000	2.258743
454.000000	2.259408
455.000000	2.259828
456.000000	2.260470
457.000000	2.261099
458.000000	2.261789
459.000000	2.262191
460.000000	2.262839
461.000000	2.263315
462.000000	2.264132
463.000000	2.264522
464.000000	2.265308
465.000000	2.265811
466.000000	2.266187
467.000000	2.266933
468.000000	2.267509
469.000000	2.268250
470.000000	2.268752
471.000000	2.269266
472.000000	2.269952
473.000000	2.270118
474.000000	2.270970
475.000000	2.271621
476.000000	2.272339
477.000000	2.272719
478.000000	2.273281
479.000000	2.274014
480.000000	2.274545
481.000000	2.275004
482.000000	2.275766
483.000000	2.276196
484.000000	2.276868
485.000000	2.277518
486.000000	2.278049
487.000000	2.278253
488.000000	2.279251
489.000000	2.279611
490.000000	2.280201
491.000000	2.280943
492.000000	2.281466
493.000000	2.281959
494.000000	2.282814
495.000000	2.283171
496.000000	2.283857
497.000000	2.284291
498.000000	2.285005
499.000000	2.285538
500.000000	2.286117
501.000000	2.286760
502.000000	2.287294
503.000000	2.287852
504.000000	2.288351
505.000000	2.289099
506.000000	2.289557
507.000000	2.290118
508.000000	2.291074
509.000000	2.291154
510.000000	2.291877
511.000000	2.292397
512.000000	2.292927
513.000000	2.293614
514.000000	2.294101
515.000000	2.294669
516.000000	2.295413
517.000000	2.295910
518.000000	2.296462
519.000000	2.297074
520.000000	2.297331
521.000000	2.298164
522.000000	2.298686
523.000000	2.299361
524.000000	2.299927
525.000000	2.300615
526.000000	2.300947
527.000000	2.301573
528.000000	2.302121
529.000000	2.302746
530.000000	2.303258
531.000000	2.303875
532.000000	2.304446
533.000000	2.304616
534.000000	2.305675
535.000000	2.306104
536.000000	2.306618
537.000000	2.307122
538.000000	2.307639
539.000000	2.308207
540.000000	2.308809
541.000000	2.309635
542.000000	2.310065
543.000000	2.310671
544.000000	2.311280
545.000000	2.311744
546.000000	2.312216
547.000000	2.312828
548.000000	2.313414
549.000000	2.313983
550.000000	2.314495
551.000000	2.314873
552.000000	2.315538
553.000000	2.316140
554.000000	2.316571
555.000000	2.317207
556.000000	2.317828
557.000000	2.318241
558.000000	2.318909
559.000000	2.319375
560.000000	2.320013
561.000000	2.320416
562.000000	2.321148
563.000000	2.321749
564.000000	2.322215
565.000000	2.322792
566.000000	2.323102
567.000000	2.323717
568.000000	2.324397
569.000000	2.324785
570.000000	2.325232
571.000000	2.326104
572.000000	2.326666
573.000000	2.327388
574.000000	2.327726
575.000000	2.328217
576.000000	2.328574
577.000000	2.329210
578.000000	2.329923
579.000000	2.330479
580.000000	2.331007
581.000000	2.331489
582.000000	2.332152
583.000000	2.332675
584.000000	2.333275
585.000000	2.333791
586.000000	2.334388
587.000000	2.334736
588.000000	2.335219
589.000000	2.335935
590.000000	2.336380
591.000000	2.337110
592.000000	2.337573
593.000000	2.338048
594.000000	2.338436
595.000000	2.339082
596.000000	2.339721
597.000000	2.340027
598.000000	2.340862
599.000000	2.341092
600.000000	2.341943
601.000000	2.342304
602.000000	2.343030
603.000000	2.343593
604.000000	2.344250
605.000000	2.344464
606.000000	2.344970
607.000000	2.345698
608.000000	2.346224
609.000000	2.346659
610.000000	2.347169
611.000000	2.347872
612.000000	2.348328
613.000000	2.348997
614.000000	2.349696
615.000000	2.349952
616.000000	2.350454
617.000000	2.351079
618.000000	2.351934
619.000000	2.352117
620.000000	2.352672
621.000000	2.353365
622.000000	2.353900
623.000000	2.354408
624.000000	2.354939
625.000000	2.355439
626.000000	2.355856
627.000000	2.356517
628.000000	2.357353
629.000000	2.357496
630.000000	2.358265
631.000000	2.358790
632.000000	2.359225
633.000000	2.360041
634.000000	2.360270
635.000000	2.360944
636.000000	2.361661
637.000000	2.362163
638.000000	2.362451
639.000000	2.363039
640.000000	2.363664
641.000000	2.364214
642.000000	2.364778
643.000000	2.365141
644.000000	2.365863
645.000000	2.366313
646.000000	2.366818
647.000000	2.367330
648.000000	2.367979
649.000000	2.368606
650.000000	2.368980
651.000000	2.369583
652.000000	2.370346
653.000000	2.370554
654.000000	2.371274
655.000000	2.371679
656.000000	2.372254
657.000000	2.372879
658.000000	2.373493
659.000000	2.373870
660.000000	2.374342
661.000000	2.375042
662.000000	2.375614
663.000000	2.375870
664.000000	2.376491
665.000000	2.376994
666.000000	2.377535
667.000000	2.378229
668.000000	2.378687
669.000000	2.379216
670.000000	2.379984
671.000000	2.380324
672.000000	2.380966
673.000000	2.381478
674.000000	2.381882
675.000000	2.382259
676.000000	2.382721
677.000000	2.383491
678.000000	2.383924
679.000000	2.384429
680.000000	2.385124
681.000000	2.385590
682.000000	2.386176
683.000000	2.386742
684.000000	2.387313
685.000000	2.388012
686.000000	2.388213
687.000000	2.388794
688.000000	2.389448
689.000000	2.390031
690.000000	2.390371
691.000000	2.390930
692.000000	2.391521
693.000000	2.392291
694.000000	2.392529
695.000000	2.392955
696.000000	2.393721
697.000000	2.394411
698.000000	2.394865
699.000000	2.395330
700.000000	2.395605
701.000000	2.396284
702.000000	2.396882
703.000000	2.397286
704.000000	2.397797
705.000000	2.398363
706.000000	2.398795
707.000000	2.399458
708.000000	2.399950
709.000000	2.400569
710.000000	2.400898
711.000000	2.401627
712.000000	2.402168
713.000000	2.402590
714.000000	2.403258
715.000000	2.403646
716.000000	2.404489
717.000000	2.404929
718.000000	2.405334
719.000000	2.405764
720.000000	2.406433
721.000000	2.406878
722.000000	2.407575
723.000000	2.407898
724.000000	2.408509
725.000000	2.409027
726.000000	2.409464
727.000000	2.410013
728.000000	2.410572
729.000000	2.411122
730.000000	2.411697
731.000000	2.412291
732.000000	2.412659
733.000000	2.413105
734.000000	2.413668
735.000000	2.414201
736.000000	2.414717
737.000000	2.415281
738.000000	2.415855
739.000000	2.416273
740.000000	2.416952
741.000000	2.417223
742.000000	2.417761
743.000000	2.418465
744.000000	2.418883
745.000000	2.419413
746.000000	2.419954
747.000000	2.420619
748.000000	2.421022
749.000000	2.421499
750.000000	2.422052
751.000000	2.422781
752.000000	2.422983
753.000000	2.423578
754.000000	2.424115
755.000000	2.424731
756.000000	2.424905
757.000000	2.425614
758.000000	2.426248
759.000000	2.426741
760.000000	2.427148
761.000000	2.427677
762.000000	2.428196
763.000000	2.428748
764.000000	2.429385
765.000000	2.429650
766.000000	2.430494
767.000000	2.430754
768.000000	2.431274
769.000000	2.432007
770.000000	2.432605
771.000000	2.432966
772.000000	2.433355
773.000000	2.433968
774.000000	2.434410
775.000000	2.434908
776.000000	2.435418
777.000000	2.436064
778.000000	2.436387
779.000000	2.436877
780.000000	2.437364
781.000000	2.437970
782.000000	2.438425
783.000000	2.439225
784.000000	2.439687
785.000000	2.440108
786.000000	2.440539
787.000000	2.441045
788.000000	2.441741
789.000000	2.441888
790.000000	2.442468
791.000000	2.443020
792.000000	2.443712
793.000000	2.444061
794.000000	2.444682
795.000000	2.445154
796.000000	2.445437
797.000000	2.446227
798.000000	2.446692
799.000000	2.447210
800.000000	2.447612
801.000000	2.448158
802.000000	2.448883
803.000000	2.448934
804.000000	2.449765
805.000000	2.450118
806.000000	2.450600
807.000000	2.451050
808.000000	2.451669
809.000000	2.452309
810.000000	2.452598
811.000000	2.453224
812.000000	2.453753
813.000000	2.454170
814.000000	2.454719
815.000000	2.455329
816.000000	2.455520
817.000000	2.456330
818.000000	2.456639
819.000000	2.457096
820.000000	2.457702
821.000000	2.458112
822.000000	2.458735
823.000000	2.459172
824.000000	2.459667
825.000000	2.460234
826.000000	2.460677
827.000000	2.460933
828.000000	2.461750
829.000000	2.462303
830.000000	2.462773
831.000000	2.463155
832.000000	2.463582
833.000000	2.464220
834.000000	2.464750
835.000000	2.465284
836.000000	2.465576
837.000000	2.466031
838.000000	2.466708
839.000000	2.467204
840.000000	2.467708
841.000000	2.468207
842.000000	2.468656
843.000000	2.469156
844.000000	2.469599
845.000000	2.470211
846.000000	2.470686
847.000000	2.471173
848.000000	2.471817
849.000000	2.472162
850.000000	2.472728
851.000000	2.473278
852.000000	2.473691
853.000000	2.474313
854.000000	2.474758
855.000000	2.475286
856.000000	2.475586
857.000000	2.476097
858.000000	2.476653
859.000000	2.477284
860.000000	2.477845
861.000000	2.478168
862.000000	2.478881
863.000000	2.479293
864.000000	2.479678
865.000000	2.480248
866.000000	2.480510
867.000000	2.481043
868.000000	2.481751
869.000000	2.482235
870.000000	2.482422
871.000000	2.483172
872.000000	2.483579
873.000000	2.484209
874.000000	2.484673
875.000000	2.485183
876.000000	2.485648
877.000000	2.486072
878.000000	2.486528
879.000000	2.486811
880.000000	2.487780
881.000000	2.488341
882.000000	2.488534
883.000000	2.489269
884.000000	2.489642
885.000000	2.490044
886.000000	2.490547
887.000000	2.491130
888.000000	2.491595
889.000000	2.491924
890.000000	2.492560
891.000000	2.493084
892.000000	2.493647
893.000000	2.494000
894.000000	2.494646
895.000000	2.495122
896.000000	2.495576
897.000000	2.495972
898.000000	2.496530
899.000000	2.497146
900.000000	2.497482
901.000000	2.498155
902.000000	2.498598
903.000000	2.498804
904.000000	2.499437
905.000000	2.499876
906.000000	2.500566
907.000000	2.501060
908.000000	2.501402
909.000000	2.501953
910.000000	2.502408
911.000000	2.502932
912.000000	2.503259
913.000000	2.503861
914.000000	2.504307
915.000000	2.504947
916.000000	2.505337
917.000000	2.505776
918.000000	2.506431
919.000000	2.506932
920.000000	2.507129
921.000000	2.507789
922.000000	2.508156
923.000000	2.508898
924.000000	2.509211
925.000000	2.509690
926.000000	2.510171
927.000000	2.510752
928.000000	2.511432
929.000000	2.511594
930.000000	2.512305
931.000000	2.512672
932.000000	2.513126
933.000000	2.513621
934.000000	2.513888
935.000000	2.514588
936.000000	2.514933
937.000000	2.515416
938.000000	2.516030
939.000000	2.516688
940.000000	2.517225
941.000000	2.517561
942.000000	2.517886
943.000000	2.518491
944.000000	2.518978
945.000000	2.519355
946.000000	2.520061
947.000000	2.520409
948.000000	2.520917
949.000000	2.521361
950.000000	2.521918
951.000000	2.522294
952.000000	2.522982
953.000000	2.523465
954.000000	2.523967
955.000000	2.524588
956.000000	2.524829
957.000000	2.525444
958.000000	2.525973
959.000000	2.526323
960.000000	2.526942
961.000000	2.527417
962.000000	2.527977
963.000000	2.528351
964.000000	2.528874
965.000000	2.529602
966.000000	2.529797
967.000000	2.530103
968.000000	2.530581
969.000000	2.531174
970.000000	2.531849
971.000000	2.532128
972.000000	2.532828
973.000000	2.533197
974.000000	2.533675
975.000000	2.534106
976.000000	2.534643
977.000000	2.535075
978.000000	2.535608
979.000000	2.536104
980.000000	2.536566
981.000000	2.537279
982.000000	2.537591
983.000000	2.537968
984.000000	2.538645
985.000000	2.539088
986.000000	2.539691
987.000000	2.539995
988.000000	2.540530
989.000000	2.540899
990.000000	2.541544
991.000000	2.541970
992.000000	2.542492
993.000000	2.542899
994.000000	2.543643
995.000000	2.543825
996.000000	2.544364
997.000000	2.544892
998.000000	2.545301
999.000000	2.545737
1000.000000	2.546405
1001.000000	2.546701
1002.000000	2.547293
1003.000000	2.547708
1004.000000	2.548394
1005.000000	2.548642
1006.000000	2.549112
1007.000000	2.549546
1008.000000	2.550235
1009.000000	2.550309
1010.000000	2.550925
1011.000000	2.551481
1012.000000	2.551803
1013.000000	2.552261
1014.000000	2.553018
1015.000000	2.553211
1016.000000	2.553845
1017.000000	2.554315
1018.000000	2.555049
1019.000000	2.555190
1020.000000	2.555780
1021.000000	2.556131
1022.000000	2.556785
1023.000000	2.556953
1024.000000	2.557556
1025.000000	2.558061
1026.000000	2.558366
1027.000000	2.558955
1028.000000	2.559407
1029.000000	2.559994
1030.000000	2.560357
1031.000000	2.561002
1032.000000	2.561487
1033.000000	2.561862
1034.000000	2.562236
1035.000000	2.562587
1036.000000	2.563197
1037.000000	2.563715
1038.000000	2.564144
1039.000000	2.564618
1040.000000	2.565212
1041.000000	2.565329
1042.000000	2.566092
1043.000000	2.566314
1044.000000	2.567120
1045.000000	2.567680
1046.000000	2.567886
1047.000000	2.568377
1048.000000	2.568977
1049.000000	2.569076
1050.000000	2.569651
1051.000000	2.570067
1052.000000	2.570853
1053.000000	2.571044
1054.000000	2.571683
1055.000000	2.572136
1056.000000	2.572562
1057.000000	2.573107
1058.000000	2.573605
1059.000000	2.573962
1060.000000	2.574560
1061.000000	2.574707
1062.000000	2.575463
1063.000000	2.575815
1064.000000	2.576468
1065.000000	2.576848
1066.000000	2.577177
1067.000000	2.577608
1068.000000	2.578321
1069.000000	2.578720
1070.000000	2.579186
1071.000000	2.579597
1072.000000	2.580035
1073.000000	2.580487
1074.000000	2.580897
1075.000000	2.581484
1076.000000	2.581906
1077.000000	2.582561
1078.000000	2.582968
1079.000000	2.583563
1080.000000	2.583904
1081.000000	2.584337
1082.000000	2.584662
1083.000000	2.585289
1084.000000	2.585560
1085.000000	2.586229
1086.000000	2.586544
1087.000000	2.587043
1088.000000	2.587470
1089.000000	2.588009
1090.000000	2.588294
1091.000000	2.588950
1092.000000	2.589554
1093.000000	2.589963
1094.000000	2.590374
1095.000000	2.590988
1096.000000	2.591491
1097.000000	2.591948
1098.000000	2.592232
1099.000000	2.592795
1100.000000	2.593311
1101.000000	2.593825
1102.000000	2.594346
1103.000000	2.594608
1104.000000	2.595162
1105.000000	2.595602
1106.000000	2.595974
1107.000000	2.596505
1108.000000	2.596919
1109.000000	2.597426
1110.000000	2.597950
1111.000000	2.598212
1112.000000	2.598965
1113.000000	2.599141
1114.000000	2.599801
1115.000000	2.600017
1116.000000	2.600545
1117.000000	2.601128
1118.000000	2.601629
1119.000000	2.602019
1120.000000	2.602461
1121.000000	2.602845
1122.000000	2.603446
1123.000000	2.603817
1124.000000	2.604275
1125.000000	2.604852
1126.000000	2.605331
1127.000000	2.605868
1128.000000	2.606218
1129.000000	2.606800
1130.000000	2.607144
1131.000000	2.607673
1132.000000	2.608006
1133.000000	2.608562
1134.000000	2.609069
1135.000000	2.609463
1136.000000	2.610084
1137.000000	2.610297
1138.000000	2.610844
1139.000000	2.611486
1140.000000	2.611835
1141.000000	2.612372
1142.000000	2.612775
1143.000000	2.613140
1144.000000	2.613627
1145.000000	2.614349
1146.000000	2.614570
1147.000000	2.615352
1148.000000	2.615425
1149.000000	2.615934
1150.000000	2.616372
1151.000000	2.616884
1152.000000	2.617256
1153.000000	2.617930
1154.000000	2.618165
1155.000000	2.618788
1156.000000	2.619150
1157.000000	2.619642
1158.000000	2.620129
1159.000000	2.620481
1160.000000	2.620944
1161.000000	2.621634
1162.000000	2.621869
1163.000000	2.622460
1164.000000	2.623018
1165.000000	2.623439
1166.000000	2.623752
1167.000000	2.624330
1168.000000	2.624619
1169.000000	2.624957
1170.000000	2.625685
1171.000000	2.626022
1172.000000	2.626370
1173.000000	2.626900
1174.000000	2.627553
1175.000000	2.627837
1176.000000	2.628508
1177.000000	2.628584
1178.000000	2.629416
1179.000000	2.629625
1180.000000	2.630265
1181.000000	2.630754
1182.000000	2.631163
1183.000000	2.631499
1184.000000	2.632061
1185.000000	2.632472
1186.000000	2.633016
1187.000000	2.633350
1188.000000	2.633701
1189.000000	2.634240
1190.000000	2.634636
1191.000000	2.635139
1192.000000	2.635520
1193.000000	2.636254
1194.000000	2.636621
1195.000000	2.636789
1196.000000	2.637382
1197.000000	2.637955
1198.000000	2.638307
1199.000000	2.638925
1200.000000	2.639227
1201.000000	2.639902
1202.000000	2.640013
1203.000000	2.640530
1204.000000	2.641008
1205.000000	2.641395
1206.000000	2.641841
1207.000000	2.642560
1208.000000	2.642931
1209.000000	2.643273
1210.000000	2.643859
1211.000000	2.644285
1212.000000	2.644738
1213.000000	2.644979
1214.000000	2.645678
1215.000000	2.646107
1216.000000	2.646677
1217.000000	2.647280
1218.000000	2.647593
1219.000000	2.647798
1220.000000	2.648335
1221.000000	2.648934
1222.000000	2.649387
1223.000000	2.649779
1224.000000	2.650115
1225.000000	2.650562
1226.000000	2.651075
1227.000000	2.651649
1228.000000	2.651966
1229.000000	2.652485
1230.000000	2.652873
1231.000000	2.653215
1232.000000	2.653738
1233.000000	2.654220
1234.000000	2.654777
1235.000000	2.655075
1236.000000	2.655664
1237.000000	2.655946
1238.000000	2.656624
1239.000000	2.657045
1240.000000	2.657549
1241.000000	2.657902
1242.000000	2.658393
1243.000000	2.658808
1244.000000	2.659320
1245.000000	2.659921
1246.000000	2.660076
1247.000000	2.660645
1248.000000	2.660745
1249.000000	2.661505
1250.000000	2.661718
1251.000000	2.662439
1252.000000	2.662754
1253.000000	2.663247
1254.000000	2.663768
1255.000000	2.663988
1256.000000	2.664722
1257.000000	2.665145
1258.000000	2.665663
1259.000000	2.666003
1260.000000	2.666569
1261.000000	2.666984
1262.000000	2.667586
1263.000000	2.667818
1264.000000	2.668284
1265.000000	2.668864
1266.000000	2.669151
1267.000000	2.669789
1268.000000	2.669890
1269.000000	2.670518
1270.000000	2.671151
1271.000000	2.671388
1272.000000	2.671617
1273.000000	2.672239
1274.000000	2.672692
1275.000000	2.673053
1276.000000	2.673586
1277.000000	2.673868
1278.000000	2.674501
1279.000000	2.674896
1280.000000	2.675328
1281.000000	2.675778
1282.000000	2.676138
1283.000000	2.676562
1284.000000	2.677114
1285.000000	2.677510
1286.000000	2.677876
1287.000000	2.678310
1288.000000	2.678724
1289.000000	2.679273
1290.000000	2.679792
1291.000000	2.680153
1292.000000	2.680543
1293.000000	2.681010
1294.000000	2.681281
1295.000000	2.681985
1296.000000	2.682247
1297.000000	2.682497
1298.000000	2.683211
1299.000000	2.683526
1300.000000	2.684120
1301.000000	2.684488
1302.000000	2.684987
1303.000000	2.685381
1304.000000	2.685677
1305.000000	2.686423
1306.000000	2.686595
1307.000000	2.687207
1308.000000	2.687763
1309.000000	2.687983
1310.000000	2.688783
1311.000000	2.689048
1312.000000	2.689587
1313.000000	2.689633
1314.000000	2.690161
1315.000000	2.690859
1316.000000	2.691193
1317.000000	2.691659
1318.000000	2.692016
1319.000000	2.692568
1320.000000	2.692968
1321.000000	2.693456
1322.000000	2.693911
1323.000000	2.694437
1324.000000	2.694721
1325.000000	2.695022
1326.000000	2.695613
1327.000000	2.695947
1328.000000	2.696614
1329.000000	2.697051
1330.000000	2.697292
1331.000000	2.698001
1332.000000	2.698165
1333.000000	2.698759
1334.000000	2.699099
1335.000000	2.699468
1336.000000	2.699940
1337.000000	2.700291
1338.000000	2.700850
1339.000000	2.701317
1340.000000	2.701800
1341.000000	2.702592
1342.000000	2.702858
1343.000000	2.703250
1344.000000	2.703391
1345.000000	2.704157
1346.000000	2.704361
1347.000000	2.704801
1348.000000	2.705521
1349.000000	2.705893
1350.000000	2.706302
1351.000000	2.706934
1352.000000	2.707238
1353.000000	2.707658
1354.000000	2.707967
1355.000000	2.708529
1356.000000	2.708827
1357.000000	2.709352
1358.000000	2.709742
1359.000000	2.710099
1360.000000	2.710546
1361.000000	2.710954
1362.000000	2.711371
1363.000000	2.712176
1364.000000	2.712395
1365.000000	2.712720
1366.000000	2.713289
1367.000000	2.713598
1368.000000	2.713969
1369.000000	2.714510
1370.000000	2.714989
1371.000000	2.715438
1372.000000	2.715807
1373.000000	2.716284
1374.000000	2.716633
1375.000000	2.717260
1376.000000	2.717841
1377.000000	2.718036
1378.000000	2.718385
1379.000000	2.718941
1380.000000	2.719231
1381.000000	2.719745
1382.000000	2.720268
1383.000000	2.720658
1384.000000	2.721021
1385.000000	2.721662
1386.000000	2.721776
1387.000000	2.722148
1388.000000	2.722826
1389.000000	2.723115
1390.000000	2.723645
1391.000000	2.723819
1392.000000	2.724153
1393.000000	2.725052
1394.000000	2.725238
1395.000000	2.725685
1396.000000	2.726085
1397.000000	2.726608
1398.000000	2.727083
1399.000000	2.727320
1400.000000	2.727901
1401.000000	2.728094
1402.000000	2.728691
1403.000000	2.729157
1404.000000	2.729643
1405.000000	2.729937
1406.000000	2.730436
1407.000000	2.730972
1408.000000	2.731421
1409.000000	2.731566
1410.000000	2.732153
1411.000000	2.732783
1412.000000	2.733039
1413.000000	2.733461
1414.000000	2.733798
1415.000000	2.734546
1416.000000	2.734836
1417.000000	2.735341
1418.000000	2.735700
1419.000000	2.736213
1420.000000	2.736498
1421.000000	2.737140
1422.000000	2.737444
1423.000000	2.737875
1424.000000	2.738385
1425.000000	2.738867
1426.000000	2.739062
1427.000000	2.739623
1428.000000	2.740076
1429.000000	2.740597
1430.000000	2.740819
1431.000000	2.741529
1432.000000	2.741867
1433.000000	2.742116
1434.000000	2.742700
1435.000000	2.742992
1436.000000	2.743204
1437.000000	2.743256
1438.000000	2.743579
1439.000000	2.743743
1440.000000	2.743932
1441.000000	2.744211
1442.000000	2.744353
1443.000000	2.744654
1444.000000	2.744820
1445.000000	2.744973
1446.000000	2.745168
1447.000000	2.745338
1448.000000	2.745665
1449.000000	2.745800
1450.000000	2.746049
1451.000000	2.746234
1452.000000	2.746476
1453.000000	2.746692
1454.000000	2.746841
1455.000000	2.746965
1456.000000	2.747238
1457.000000	2.747431
1458.000000	2.747674
1459.000000	2.747902
1460.000000	2.747932
1461.000000	2.748305
1462.000000	2.748441
1463.000000	2.748613
1464.000000	2.748885
1465.000000	2.749095
1466.000000	2.749231
1467.000000	2.749443
1468.000000	2.749647
1469.000000	2.749834
1470.000000	2.750069
1471.000000	2.750258
1472.000000	2.750443
1473.000000	2.750701
1474.000000	2.750780
1475.000000	2.751015
1476.000000	2.751324
1477.000000	2.751489
1478.000000	2.751705
1479.000000	2.751891
1480.000000	2.752017
1481.000000	2.752203
1482.000000	2.752455
1483.000000	2.752743
1484.000000	2.752833
1485.000000	2.753137
1486.000000	2.753332
1487.000000	2.753513
1488.000000	2.753713
1489.000000	2.753855
1490.000000	2.754067
1491.000000	2.754208
1492.000000	2.754560
1493.000000	2.754698
1494.000000	2.754931
1495.000000	2.755091
1496.000000	2.755237
1497.000000	2.755467
1498.000000	2.755677
1499.000000	2.755931
1500.000000	2.756153
1501.000000	2.756279
1502.000000	2.756390
1503.000000	2.756671
1504.000000	2.756919
1505.000000	2.757033
1506.000000	2.757192
1507.000000	2.757373
1508.000000	2.757589
1509.000000	2.757803
1510.000000	2.757967
1511.000000	2.758306
1512.000000	2.758512
1513.000000	2.758661
1514.000000	2.758790
1515.000000	2.758991
1516.000000	2.759140
1517.000000	2.759383
1518.000000	2.759583
1519.000000	2.759740
1520.000000	2.760021
1521.000000	2.760164
1522.000000	2.760405
1523.000000	2.760587
1524.000000	2.760777
1525.000000	2.760828
1526.000000	2.761136
1527.000000	2.761358
1528.000000	2.761526
1529.000000	2.761686
1530.000000	2.761948
1531.000000	2.762107
1532.000000	2.762318
1533.000000	2.762460
1534.000000	2.762656
1535.000000	2.762891
1536.000000	2.763075
1537.000000	2.763411
1538.000000	2.763608
1539.000000	2.763658
1540.000000	2.763885
1541.000000	2.764112
1542.000000	2.764297
1543.000000	2.764570
1544.000000	2.764771
1545.000000	2.764828
1546.000000	2.765134
1547.000000	2.765253
1548.000000	2.765419
1549.000000	2.765574
1550.000000	2.765858
1551.000000	2.766005
1552.000000	2.766188
1553.000000	2.766471
1554.000000	2.766693
1555.000000	2.766813
1556.000000	2.767037
1557.000000	2.767142
1558.000000	2.767444
1559.000000	2.767579
1560.000000	2.767804
1561.000000	2.767980
1562.000000	2.768100
1563.000000	2.768496
1564.000000	2.768551
1565.000000	2.768763
1566.000000	2.768995
1567.000000	2.769228
1568.000000	2.769373
1569.000000	2.769598
1570.000000	2.769785
1571.000000	2.770022
1572.000000	2.770135
1573.000000	2.770324
1574.000000	2.770599
1575.000000	2.770788
1576.000000	2.771000
1577.000000	2.771129
1578.000000	2.771429
1579.000000	2.771613
1580.000000	2.771859
1581.000000	2.771905
1582.000000	2.772159
1583.000000	2.772370
1584.000000	2.772536
1585.000000	2.772766
1586.000000	2.772980
1587.000000	2.773118
1588.000000	2.773391
1589.000000	2.773452
1590.000000	2.773783
1591.000000	2.773831
1592.000000	2.774066
1593.000000	2.774490
1594.000000	2.774459
1595.000000	2.774722
1596.000000	2.774860
1597.000000	2.775020
1598.000000	2.775206
1599.000000	2.775456
1600.000000	2.775678
1601.000000	2.775859
1602.000000	2.776079
1603.000000	2.776133
1604.000000	2.776404
1605.000000	2.776604
1606.000000	2.776789
1607.000000	2.777024
1608.000000	2.777160
1609.000000	2.777299
1610.000000	2.777422
1611.000000	2.777678
1612.000000	2.777899
1613.000000	2.778134
1614.000000	2.778308
1615.000000	2.778445
1616.000000	2.778711
1617.000000	2.778804
1618.000000	2.779108
1619.000000	2.779229
1620.000000	2.779334
1621.000000	2.779628
1622.000000	2.779737
1623.000000	2.779999
1624.000000	2.780147
1625.000000	2.780435
1626.000000	2.780581
1627.000000	2.780787
1628.000000	2.780961
1629.000000	2.781229
1630.000000	2.781332
1631.000000	2.781544
1632.000000	2.781720
1633.000000	2.782036
1634.000000	2.782097
1635.000000	2.782262
1636.000000	2.782472
1637.000000	2.782657
1638.000000	2.782927
1639.000000	2.783043
1640.000000	2.783250
1641.000000	2.783597
1642.000000	2.783688
1643.000000	2.783916
1644.000000	2.784021
1645.000000	2.784242
1646.000000	2.784487
1647.000000	2.784667
1648.000000	2.784804
1649.000000	2.785034
1650.000000	2.785183
1651.000000	2.785445
1652.000000	2.785688
1653.000000	2.785942
1654.000000	2.786068
1655.000000	2.786242
1656.000000	2.786388
1657.000000	2.786537
1658.000000	2.786724
1659.000000	2.787068
1660.000000	2.787138
1661.000000	2.787344
1662.000000	2.787564
1663.000000	2.787753
1664.000000	2.787956
1665.000000	2.788200
1666.000000	2.788443
1667.000000	2.788464
1668.000000	2.788804
1669.000000	2.788926
1670.000000	2.789191
1671.000000	2.789273
1672.000000	2.789445
1673.000000	2.789633
1674.000000	2.789709
1675.000000	2.790068
1676.000000	2.790187
1677.000000	2.790300
1678.000000	2.790583
1679.000000	2.790824
1680.000000	2.790983
1681.000000	2.791119
1682.000000	2.791319
1683.000000	2.791556
1684.000000	2.791640
1685.000000	2.791944
1686.000000	2.792097
1687.000000	2.792310
1688.000000	2.792491
1689.000000	2.792723
1690.000000	2.792853
1691.000000	2.793071
1692.000000	2.793252
1693.000000	2.793442
1694.000000	2.793579
1695.000000	2.793841
1696.000000	2.794011
1697.000000	2.794167
1698.000000	2.794406
1699.000000	2.794631
1700.000000	2.794656
1701.000000	2.794792
1702.000000	2.795141
1703.000000	2.795258
1704.000000	2.795562
1705.000000	2.795608
1706.000000	2.795835
1707.000000	2.796073
1708.000000	2.796333
1709.000000	2.796555
1710.000000	2.796652
1711.000000	2.796868
1712.000000	2.797071
1713.000000	2.797249
1714.000000	2.797382
1715.000000	2.797691
1716.000000	2.797775
1717.000000	2.797962
1718.000000	2.798350
1719.000000	2.798385
1720.000000	2.798488
1721.000000	2.798748
1722.000000	2.798956
1723.000000	2.799061
1724.000000	2.799432
1725.000000	2.799496
1726.000000	2.799725
1727.000000	2.799888
1728.000000	2.800165
1729.000000	2.800283
1730.000000	2.800421
1731.000000	2.800637
1732.000000	2.800761
1733.000000	2.800985
1734.000000	2.801157
1735.000000	2.801353
1736.000000	2.801599
1737.000000	2.801704
1738.000000	2.801884
1739.000000	2.802113
1740.000000	2.802190
1741.000000	2.802465
1742.000000	2.802620
1743.000000	2.802796
1744.000000	2.803044
1745.000000	2.803177
1746.000000	2.803389
1747.000000	2.803446
1748.000000	2.803639
1749.000000	2.804029
1750.000000	2.804253
1751.000000	2.804337
1752.000000	2.804534
1753.000000	2.804734
1754.000000	2.804938
1755.000000	2.805096
1756.000000	2.805351
1757.000000	2.805398
1758.000000	2.805662
1759.000000	2.805916
1760.000000	2.805970
1761.000000	2.806262
1762.000000	2.806416
1763.000000	2.806665
1764.000000	2.806733
1765.000000	2.807125
1766.000000	2.807207
1767.000000	2.807175
1768.000000	2.807555
1769.000000	2.807758
1770.000000	2.807895
1771.000000	2.808073
1772.000000	2.808279
1773.000000	2.808432
1774.000000	2.808701
1775.000000	2.808850
1776.000000	2.809018
1777.000000	2.809366
1778.000000	2.809427
1779.000000	2.809452
1780.000000	2.809752
1781.000000	2.809884
1782.000000	2.810088
1783.000000	2.810236
1784.000000	2.810517
1785.000000	2.810642
1786.000000	2.810869
1787.000000	2.811075
1788.000000	2.811284
1789.000000	2.811429
1790.000000	2.811624
1791.000000	2.811749
1792.000000	2.811921
1793.000000	2.812139
1794.000000	2.812368
1795.000000	2.812565
1796.000000	2.812699
1797.000000	2.812877
1798.000000	2.813012
1799.000000	2.813159
1800.000000	2.813364
1801.000000	2.813591
1802.000000	2.813898
1803.000000	2.813934
1804.000000	2.814158
1805.000000	2.814347
1806.000000	2.814460
1807.000000	2.814821
1808.000000	2.814852
1809.000000	2.815052
1810.000000	2.815236
1811.000000	2.815562
1812.000000	2.815606
1813.000000	2.815873
1814.000000	2.816005
1815.000000	2.816240
1816.000000	2.816454
1817.000000	2.816630
1818.000000	2.816825
1819.000000	2.816965
1820.000000	2.817258
1821.000000	2.817298
1822.000000	2.817518
1823.000000	2.817766
1824.000000	2.817827
1825.000000	2.818053
1826.000000	2.818171
1827.000000	2.818361
1828.000000	2.818535
1829.000000	2.818883
1830.000000	2.818912
1831.000000	2.819151
1832.000000	2.819308
1833.000000	2.819457
1834.000000	2.819688
1835.000000	2.819799
1836.000000	2.820091
1837.000000	2.820183
1838.000000	2.820382
1839.000000	2.820512
1840.000000	2.820826
1841.000000	2.820918
1842.000000	2.821082
1843.000000	2.821342
1844.000000	2.821512
1845.000000	2.821657
1846.000000	2.821856
1847.000000	2.822036
1848.000000	2.822179
1849.000000	2.822451
1850.000000	2.822581
1851.000000	2.822688
1852.000000	2.822956
1853.000000	2.823095
1854.000000	2.823361
1855.000000	2.823533
1856.000000	2.823686
1857.000000	2.823848
1858.000000	2.824079
1859.000000	2.824210
1860.000000	2.824301
1861.000000	2.824619
1862.000000	2.824755
1863.000000	2.825015
1864.000000	2.825157
1865.000000	2.825367
1866.000000	2.825306
1867.000000	2.825652
1868.000000	2.825823
1869.000000	2.826044
1870.000000	2.826241
1871.000000	2.826442
1872.000000	2.826562
1873.000000	2.826759
1874.000000	2.826931
1875.000000	2.827111
1876.000000	2.827315
1877.000000	2.827541
1878.000000	2.827720
1879.000000	2.827853
1880.000000	2.828012
1881.000000	2.828232
1882.000000	2.828480
1883.000000	2.828648
1884.000000	2.828744
1885.000000	2.829002
1886.000000	2.829130
1887.000000	2.829304
1888.000000	2.829544
1889.000000	2.829769
1890.000000	2.829855
1891.000000	2.830117
1892.000000	2.830237
1893.000000	2.830589
1894.000000	2.830543
1895.000000	2.830788
1896.000000	2.830948
1897.000000	2.831137
1898.000000	2.831168
1899.000000	2.831438
1900.000000	2.831708
1901.000000	2.831870
1902.000000	2.831977
1903.000000	2.832269
1904.000000	2.832499
1905.000000	2.832468
1906.000000	2.832688
1907.000000	2.832961
1908.000000	2.833092
1909.000000	2.833335
1910.000000	2.833486
1911.000000	2.833637
1912.000000	2.833832
1913.000000	2.834015
1914.000000	2.834214
1915.000000	2.834386
1916.000000	2.834535
1917.000000	2.834805
1918.000000	2.834959
1919.000000	2.835077
1920.000000	2.835369
1921.000000	2.835503
1922.000000	2.835727
1923.000000	2.835774
1924.000000	2.836036
1925.000000	2.836290
1926.000000	2.836384
1927.000000	2.836601
1928.000000	2.836756
1929.000000	2.836815
1930.000000	2.837031
1931.000000	2.837243
1932.000000	2.837493
1933.000000	2.837725
1934.000000	2.837763
1935.000000	2.838015
1936.000000	2.838143
1937.000000	2.838317
1938.000000	2.838503
1939.000000	2.838754
1940.000000	2.838966
1941.000000	2.839079
1942.000000	2.839308
1943.000000	2.839442
1944.000000	2.839656
1945.000000	2.839843
1946.000000	2.840069
1947.000000	2.840317
1948.000000	2.840335
1949.000000	2.840607
1950.000000	2.840574
1951.000000	2.840928
1952.000000	2.841111
1953.000000	2.841270
1954.000000	2.841396
1955.000000	2.841537
1956.000000	2.841831
1957.000000	2.841991
1958.000000	2.842144
1959.000000	2.842366
1960.000000	2.842509
1961.000000	2.842651
1962.000000	2.842912
1963.000000	2.843018
1964.000000	2.843228
1965.000000	2.843386
1966.000000	2.843707
1967.000000	2.843702
1968.000000	2.843984
1969.000000	2.844165
1970.000000	2.844366
1971.000000	2.844482
1972.000000	2.844582
1973.000000	2.844815
1974.000000	2.845048
1975.000000	2.845241
1976.000000	2.845403
1977.000000	2.845504
1978.000000	2.845714
1979.000000	2.845871
1980.000000	2.846005
1981.000000	2.846234
1982.000000	2.846377
1983.000000	2.846509
1984.000000	2.846668
1985.000000	2.846928
1986.000000	2.847071
1987.000000	2.847246
1988.000000	2.847418
1989.000000	2.847622
1990.000000	2.847861
1991.000000	2.848016
1992.000000	2.848232
1993.000000	2.848314
1994.000000	2.848482
1995.000000	2.848631
1996.000000	2.848808
1997.000000	2.848931
1998.000000	2.849092
1999.000000	2.849322
2000.000000	2.849699
2001.000000	2.849731
2002.000000	2.849861
2003.000000	2.849905
2004.000000	2.850180
2005.000000	2.850572
2006.000000	2.850583
2007.000000	2.850869
2008.000000	2.850866
2009.000000	2.851108
2010.000000	2.851248
2011.000000	2.851450
2012.000000	2.851517
2013.000000	2.851689
2014.000000	2.852018
2015.000000	2.852045
2016.000000	2.852282
2017.000000	2.852490
2018.000000	2.852787
2019.000000	2.852833
2020.000000	2.852984
2021.000000	2.853173
2022.000000	2.853454
2023.000000	2.853511
2024.000000	2.853645
2025.000000	2.853901
2026.000000	2.854106
2027.000000	2.854292
2028.000000	2.854443
2029.000000	2.854623
2030.000000	2.854808
2031.000000	2.854940
2032.000000	2.855154
2033.000000	2.855271
2034.000000	2.855479
2035.000000	2.855657
2036.000000	2.855825
2037.000000	2.856076
2038.000000	2.856334
2039.000000	2.856353
2040.000000	2.856640
2041.000000	2.856732
2042.000000	2.856946
2043.000000	2.857106
2044.000000	2.857238
2045.000000	2.857464
2046.000000	2.857617
2047.000000	2.857835
2048.000000	2.857897
2049.000000	2.858176
2050.000000	2.858265
2051.000000	2.858531
2052.000000	2.858642
2053.000000	2.858900
2054.000000	2.859066
2055.000000	2.859083
2056.000000	2.859227
2057.000000	2.859482
2058.000000	2.859679
2059.000000	2.859759
2060.000000	2.859946
2061.000000	2.860223
2062.000000	2.860229
2063.000000	2.860330
2064.000000	2.860692
2065.000000	2.860827
2066.000000	2.861020
2067.000000	2.861271
2068.000000	2.861355
2069.000000	2.861568
2070.000000	2.861742
2071.000000	2.861791
2072.000000	2.861940
2073.000000	2.862200
2074.000000	2.862418
2075.000000	2.862546
2076.000000	2.862709
2077.000000	2.862881
2078.000000	2.863003
2079.000000	2.863102
2080.000000	2.863331
2081.000000	2.863549
2082.000000	2.863711
2083.000000	2.863950
2084.000000	2.864009
2085.000000	2.864304
2086.000000	2.864407
2087.000000	2.864625
2088.000000	2.864743
2089.000000	2.864900
2090.000000	2.865055
2091.000000	2.865327
2092.000000	2.865436
2093.000000	2.865579
2094.000000	2.865885
2095.000000	2.865914
2096.000000	2.866189
2097.000000	2.866317
2098.000000	2.866537
2099.000000	2.866745
2100.000000	2.866845
2101.000000	2.866973
2102.000000	2.867186
2103.000000	2.867266
2104.000000	2.867543
2105.000000	2.867772
2106.000000	2.867929
2107.000000	2.867969
2108.000000	2.868242
2109.000000	2.868397
2110.000000	2.868591
2111.000000	2.868773
2112.000000	2.868903
2113.000000	2.869084
2114.000000	2.869300
2115.000000	2.869428
2116.000000	2.869581
2117.000000	2.869799
2118.000000	2.869961
2119.000000	2.870074
2120.000000	2.870293
2121.000000	2.870425
2122.000000	2.870784
2123.000000	2.870866
2124.000000	2.871002
2125.000000	2.871151
2126.000000	2.871235
2127.000000	2.871415
2128.000000	2.871648
2129.000000	2.871877
2130.000000	2.872029
2131.000000	2.872098
2132.000000	2.872299
2133.000000	2.872492
2134.000000	2.872574
2135.000000	2.872784
2136.000000	2.872977
2137.000000	2.873096
2138.000000	2.873329
2139.000000	2.873554
2140.000000	2.873581
2141.000000	2.873813
2142.000000	2.874039
2143.000000	2.874106
2144.000000	2.874306
2145.000000	2.874388
2146.000000	2.874604
2147.000000	2.874796
2148.000000	2.874834
2149.000000	2.875231
2150.000000	2.875187
2151.000000	2.875390
2152.000000	2.875515
2153.000000	2.875840
2154.000000	2.875903
2155.000000	2.876108
2156.000000	2.876199
2157.000000	2.876383
2158.000000	2.876549
2159.000000	2.876744
2160.000000	2.876920
2161.000000	2.876979
2162.000000	2.877211
2163.000000	2.877315
2164.000000	2.877618
2165.000000	2.877846
2166.000000	2.877829
2167.000000	2.878033
2168.000000	2.878262
2169.000000	2.878413
2170.000000	2.878560
2171.000000	2.878763
2172.000000	2.878962
2173.000000	2.879052
2174.000000	2.879257
2175.000000	2.879312
2176.000000	2.879557
2177.000000	2.879687
2178.000000	2.879899
2179.000000	2.880027
2180.000000	2.880266
2181.000000	2.880352
2182.000000	2.880555
2183.000000	2.880748
2184.000000	2.880981
2185.000000	2.881022
2186.000000	2.881228
2187.000000	2.881427
2188.000000	2.881591
2189.000000	2.881687
2190.000000	2.881897
2191.000000	2.882035
2192.000000	2.882224
2193.000000	2.882438
2194.000000	2.882542
2195.000000	2.882771
2196.000000	2.882919
2197.000000	2.883127
2198.000000	2.883387
2199.000000	2.883423
2200.000000	2.883567
2201.000000	2.883763
2202.000000	2.884029
2203.000000	2.884067
2204.000000	2.884377
2205.000000	2.884502
2206.000000	2.884544
2207.000000	2.884724
2208.000000	2.884972
2209.000000	2.885171
2210.000000	2.885301
2211.000000	2.885425
2212.000000	2.885580
2213.000000	2.885886
2214.000000	2.885979
2215.000000	2.886138
2216.000000	2.886275
2217.000000	2.886481
2218.000000	2.886640
2219.000000	2.886850
2220.000000	2.886919
2221.000000	2.887093
2222.000000	2.887318
2223.000000	2.887551
2224.000000	2.887664
2225.000000	2.887739
2226.000000	2.887959
2227.000000	2.888267
2228.000000	2.888342
2229.000000	2.888609
2230.000000	2.888703
2231.000000	2.889016
2232.000000	2.888972
2233.000000	2.889087
2234.000000	2.889383
2235.000000	2.889553
2236.000000	2.889779
2237.000000	2.889810
2238.000000	2.890127
2239.000000	2.890194
2240.000000	2.890361
2241.000000	2.890567
2242.000000	2.890850
2243.000000	2.890846
2244.000000	2.891020
2245.000000	2.891158
2246.000000	2.891379
2247.000000	2.891663
2248.000000	2.891720
2249.000000	2.891839
2250.000000	2.892103
2251.000000	2.892322
2252.000000	2.892460
2253.000000	2.892521
2254.000000	2.892831
2255.000000	2.892999
2256.000000	2.893087
2257.000000	2.893378
2258.000000	2.893410
2259.000000	2.893682
2260.000000	2.893707
2261.000000	2.894009
2262.000000	2.894217
2263.000000	2.894267
2264.000000	2.894563
2265.000000	2.894645
2266.000000	2.894827
2267.000000	2.894989
2268.000000	2.895170
2269.000000	2.895409
2270.000000	2.895529
2271.000000	2.895659
2272.000000	2.895932
2273.000000	2.895988
2274.000000	2.896231
2275.000000	2.896298
2276.000000	2.896529
2277.000000	2.896622
2278.000000	2.896796
2279.000000	2.896882
2280.000000	2.897176
2281.000000	2.897359
2282.000000	2.897449
2283.000000	2.897688
2284.000000	2.897864
2285.000000	2.898074
2286.000000	2.898192
2287.000000	2.898389
2288.000000	2.898454
2289.000000	2.898711
2290.000000	2.898818
2291.000000	2.899128
2292.000000	2.899176
2293.000000	2.899313
2294.000000	2.899613
2295.000000	2.899715
2296.000000	2.899923
2297.000000	2.899961
2298.000000	2.900239
2299.000000	2.900429
2300.000000	2.900570
2301.000000	2.900765
2302.000000	2.900876
2303.000000	2.901095
2304.000000	2.901151
2305.000000	2.901394
2306.000000	2.901550
2307.000000	2.901736
2308.000000	2.901791
2309.000000	2.902064
2310.000000	2.902156
2311.000000	2.902386
2312.000000	2.902604
2313.000000	2.902690
2314.000000	2.902931
2315.000000	2.903124
2316.000000	2.903210
2317.000000	2.903397
2318.000000	2.903615
2319.000000	2.903703
2320.000000	2.903950
2321.000000	2.903990
2322.000000	2.904189
2323.000000	2.904348
2324.000000	2.904524
2325.000000	2.904650
2326.000000	2.904862
2327.000000	2.905122
2328.000000	2.905300
2329.000000	2.905464
2330.000000	2.905515
2331.000000	2.905719
2332.000000	2.905924
2333.000000	2.906033
2334.000000	2.906235
2335.000000	2.906404
2336.000000	2.906551
2337.000000	2.906826
2338.000000	2.906971
2339.000000	2.907046
2340.000000	2.907242
2341.000000	2.907463
2342.000000	2.907542
2343.000000	2.907710
2344.000000	2.907926
2345.000000	2.908126
2346.000000	2.908241
2347.000000	2.908377
2348.000000	2.908608
2349.000000	2.908665
2350.000000	2.908809
2351.000000	2.909232
2352.000000	2.909291
2353.000000	2.909423
2354.000000	2.909521
2355.000000	2.909712
2356.000000	2.910046
2357.000000	2.910100
2358.000000	2.910287
2359.000000	2.910442
2360.000000	2.910583
2361.000000	2.910824
2362.000000	2.910958
2363.000000	2.911240
2364.000000	2.911264
2365.000000	2.911473
2366.000000	2.911582
2367.000000	2.911843
2368.000000	2.912023
2369.000000	2.912163
2370.000000	2.912342
2371.000000	2.912522
2372.000000	2.912696
2373.000000	2.912922
2374.000000	2.913016
2375.000000	2.913180
2376.000000	2.913316
2377.000000	2.913507
2378.000000	2.913664
2379.000000	2.913945
2380.000000	2.914067
2381.000000	2.914305
2382.000000	2.914348
2383.000000	2.914649
2384.000000	2.914766
2385.000000	2.914953
2386.000000	2.915180
2387.000000	2.915186
2388.000000	2.915452
2389.000000	2.915620
2390.000000	2.915691
2391.000000	2.915807
2392.000000	2.916021
2393.000000	2.916302
2394.000000	2.916519
2395.000000	2.916496
2396.000000	2.916733
2397.000000	2.916865
2398.000000	2.917148
2399.000000	2.917194
2400.000000	2.917448
2401.000000	2.917578
2402.000000	2.917717
2403.000000	2.917931
2404.000000	2.918122
2405.000000	2.918229
2406.000000	2.918456
2407.000000	2.918689
2408.000000	2.918832
2409.000000	2.918861
2410.000000	2.919178
2411.000000	2.919226
2412.000000	2.919419
2413.000000	2.919725
2414.000000	2.919685
2415.000000	2.919863
2416.000000	2.920156
2417.000000	2.920240
2418.000000	2.920381
2419.000000	2.920551
2420.000000	2.920764
2421.000000	2.920995
2422.000000	2.921035
2423.000000	2.921274
2424.000000	2.921377
2425.000000	2.921531
2426.000000	2.921747
2427.000000	2.921825
2428.000000	2.921999
2429.000000	2.922265
2430.000000	2.922429
2431.000000	2.922704
2432.000000	2.922691
2433.000000	2.922894
2434.000000	2.923073
2435.000000	2.923142
2436.000000	2.923525
2437.000000	2.923471
2438.000000	2.923716
2439.000000	2.923938
2440.000000	2.924169
2441.000000	2.924265
2442.000000	2.924427
2443.000000	2.924613
2444.000000	2.924800
2445.000000	2.924953
2446.000000	2.925110
2447.000000	2.925170
2448.000000	2.925443
2449.000000	2.925653
2450.000000	2.925850
2451.000000	2.925927
2452.000000	2.926072
2453.000000	2.926337
2454.000000	2.926460
2455.000000	2.926682
2456.000000	2.926907
2457.000000	2.927028
2458.000000	2.927214
2459.000000	2.927433
2460.000000	2.927521
2461.000000	2.927714
2462.000000	2.927846
2463.000000	2.928026
2464.000000	2.928265
2465.000000	2.928230
2466.000000	2.928551
2467.000000	2.928674
2468.000000	2.928877
2469.000000	2.928973
2470.000000	2.929152
2471.000000	2.929351
2472.000000	2.929552
2473.000000	2.929552
2474.000000	2.929846
2475.000000	2.929997
2476.000000	2.930173
2477.000000	2.930246
2478.000000	2.930427
2479.000000	2.930680
2480.000000	2.930841
2481.000000	2.930900
2482.000000	2.931047
2483.000000	2.931332
2484.000000	2.931445
2485.000000	2.931538
2486.000000	2.931816
2487.000000	2.931932
2488.000000	2.932132
2489.000000	2.932380
2490.000000	2.932360
2491.000000	2.932665
2492.000000	2.932782
2493.000000	2.932996
2494.000000	2.933114
2495.000000	2.933265
2496.000000	2.933468
2497.000000	2.933598
2498.000000	2.933793
2499.000000	2.934010
2500.000000	2.934143
2501.000000	2.934302
2502.000000	2.934424
2503.000000	2.934663
2504.000000	2.934701
2505.000000	2.935099
2506.000000	2.935185
2507.000000	2.935296
2508.000000	2.935420
2509.000000	2.935594
2510.000000	2.935767
2511.000000	2.935977
2512.000000	2.936088
2513.000000	2.936284
2514.000000	2.936449
2515.000000	2.936636
2516.000000	2.936781
2517.000000	2.936909
2518.000000	2.937013
2519.000000	2.937278
2520.000000	2.937368
2521.000000	2.937526
2522.000000	2.937770
2523.000000	2.937996
2524.000000	2.938126
2525.000000	2.938401
2526.000000	2.938447
2527.000000	2.938724
2528.000000	2.938758
2529.000000	2.938982
2530.000000	2.939079
2531.000000	2.939219
2532.000000	2.939476
2533.000000	2.939625
2534.000000	2.939778
2535.000000	2.939980
2536.000000	2.940105
2537.000000	2.940258
2538.000000	2.940466
2539.000000	2.940680
2540.000000	2.940709
2541.000000	2.940895
2542.000000	2.941300
2543.000000	2.941279
2544.000000	2.941453
2545.000000	2.941675
2546.000000	2.941747
2547.000000	2.942013
2548.000000	2.942212
2549.000000	2.942281
2550.000000	2.942483
2551.000000	2.942623
2552.000000	2.942811
2553.000000	2.942889
2554.000000	2.943229
2555.000000	2.943319
2556.000000	2.943489
2557.000000	2.943669
2558.000000	2.943805
2559.000000	2.944061
2560.000000	2.944191
2561.000000	2.944336
2562.000000	2.944520
2563.000000	2.944761
2564.000000	2.944723
2565.000000	2.944994
2566.000000	2.945187
2567.000000	2.945283
2568.000000	2.945531
2569.000000	2.945690
2570.000000	2.945728
2571.000000	2.946022
2572.000000	2.946235
2573.000000	2.946298
2574.000000	2.946501
2575.000000	2.946683
2576.000000	2.946778
2577.000000	2.946971
2578.000000	2.947189
2579.000000	2.947296
2580.000000	2.947482
2581.000000	2.947661
2582.000000	2.947839
2583.000000	2.947954
2584.000000	2.948125
2585.000000	2.948272
2586.000000	2.948580
2587.000000	2.948591
2588.000000	2.948826
2589.000000	2.948952
2590.000000	2.949195
2591.000000	2.949254
2592.000000	2.949558
2593.000000	2.949583
2594.000000	2.949768
2595.000000	2.949901
2596.000000	2.950096
2597.000000	2.950302
2598.000000	2.950396
2599.000000	2.950687
2600.000000	2.950780
2601.000000	2.950941
2602.000000	2.951145
2603.000000	2.951258
2604.000000	2.951357
2605.000000	2.951564
2606.000000	2.951700
2607.000000	2.951926
2608.000000	2.952008
2609.000000	2.952262
2610.000000	2.952354
2611.000000	2.952478
2612.000000	2.952719
2613.000000	2.952717
2614.000000	2.952985
2615.000000	2.953162
2616.000000	2.953299
2617.000000	2.953551
2618.000000	2.953632
2619.000000	2.953846
2620.000000	2.953905
2621.000000	2.954050
2622.000000	2.954339
2623.000000	2.954409
2624.000000	2.954526
2625.000000	2.954631
2626.000000	2.954895
2627.000000	2.954968
2628.000000	2.955259
2629.000000	2.955280
2630.000000	2.955519
2631.000000	2.955624
2632.000000	2.955828
2633.000000	2.955941
2634.000000	2.956067
2635.000000	2.956276
2636.000000	2.956522
2637.000000	2.956679
2638.000000	2.956755
2639.000000	2.956995
2640.000000	2.957105
2641.000000	2.957167
2642.000000	2.957341
2643.000000	2.957477
2644.000000	2.957750
2645.000000	2.957804
2646.000000	2.958109
2647.000000	2.958293
2648.000000	2.958394
2649.000000	2.958446
2650.000000	2.958603
2651.000000	2.958796
2652.000000	2.958940
2653.000000	2.959079
2654.000000	2.959202
2655.000000	2.959439
2656.000000	2.959595
2657.000000	2.959693
2658.000000	2.959846
2659.000000	2.960025
2660.000000	2.960165
2661.000000	2.960260
2662.000000	2.960550
2663.000000	2.960668
2664.000000	2.960760
2665.000000	2.960936
2666.000000	2.960995
2667.000000	2.961205
2668.000000	2.961387
2669.000000	2.961551
2670.000000	2.961742
2671.000000	2.961844
2672.000000	2.961989
2673.000000	2.962191
2674.000000	2.962275
2675.000000	2.962661
2676.000000	2.962684
2677.000000	2.962865
2678.000000	2.963016
2679.000000	2.963079
2680.000000	2.963303
2681.000000	2.963555
2682.000000	2.963523
2683.000000	2.963760
2684.000000	2.963880
2685.000000	2.964101
2686.000000	2.964269
2687.000000	2.964324
2688.000000	2.964508
2689.000000	2.964594
2690.000000	2.964865
2691.000000	2.965058
2692.000000	2.965075
2693.000000	2.965312
2694.000000	2.965444
2695.000000	2.965622
2696.000000	2.965777
2697.000000	2.965892
2698.000000	2.966030
2699.000000	2.966263
2700.000000	2.966370
2701.000000	2.966523
2702.000000	2.966636
2703.000000	2.966783
2704.000000	2.966945
2705.000000	2.967041
2706.000000	2.967291
2707.000000	2.967410
2708.000000	2.967584
2709.000000	2.967664
2710.000000	2.967787
2711.000000	2.967967
2712.000000	2.967999
2713.000000	2.968271
2714.000000	2.968445
2715.000000	2.968647
2716.000000	2.968749
2717.000000	2.968896
2718.000000	2.969098
2719.000000	2.969258
2720.000000	2.969302
2721.000000	2.969444
2722.000000	2.969642
2723.000000	2.969831
2724.000000	2.969969
2725.000000	2.970133
2726.000000	2.970244
2727.000000	2.970406
2728.000000	2.970481
2729.000000	2.970741
2730.000000	2.970894
2731.000000	2.971014
2732.000000	2.971116
2733.000000	2.971409
2734.000000	2.971468
2735.000000	2.971554
2736.000000	2.971776
2737.000000	2.971961
2738.000000	2.972137
2739.000000	2.972242
2740.000000	2.972393
2741.000000	2.972613
2742.000000	2.972758
2743.000000	2.972884
2744.000000	2.972990
2745.000000	2.973183
2746.000000	2.973317
2747.000000	2.973453
2748.000000	2.973667
2749.000000	2.973781
2750.000000	2.973888
2751.000000	2.974122
2752.000000	2.974206
2753.000000	2.974407
2754.000000	2.974483
2755.000000	2.974679
2756.000000	2.974736
2757.000000	2.974914
2758.000000	2.975189
2759.000000	2.975210
2760.000000	2.975344
2761.000000	2.975588
2762.000000	2.975640
2763.000000	2.975904
2764.000000	2.976039
2765.000000	2.976231
2766.000000	2.976400
2767.000000	2.976472
2768.000000	2.976654
2769.000000	2.976713
2770.000000	2.976942
2771.000000	2.977187
2772.000000	2.977279
2773.000000	2.977445
2774.000000	2.977604
2775.000000	2.977741
2776.000000	2.977892
2777.000000	2.978049
2778.000000	2.978181
2779.000000	2.978394
2780.000000	2.978585
2781.000000	2.978684
2782.000000	2.978856
2783.000000	2.978937
2784.000000	2.979097
2785.000000	2.979403
2786.000000	2.979418
2787.000000	2.979590
2788.000000	2.979716
2789.000000	2.979848
2790.000000	2.980084
2791.000000	2.980088
2792.000000	2.980298
2793.000000	2.980438
2794.000000	2.980623
2795.000000	2.980763
2796.000000	2.980977
2797.000000	2.981076
2798.000000	2.981298
2799.000000	2.981344
2800.000000	2.981460
2801.000000	2.981727
2802.000000	2.981788
2803.000000	2.981996
2804.000000	2.982105
2805.000000	2.982268
2806.000000	2.982298
2807.000000	2.982549
2808.000000	2.982610
2809.000000	2.982849
2810.000000	2.983055
2811.000000	2.983145
2812.000000	2.983292
2813.000000	2.983372
2814.000000	2.983539
2815.000000	2.983668
2816.000000	2.983891
2817.000000	2.983970
2818.000000	2.984189
2819.000000	2.984226
2820.000000	2.984417
2821.000000	2.984537
2822.000000	2.984692
2823.000000	2.984908
2824.000000	2.985080
2825.000000	2.985150
2826.000000	2.985349
2827.000000	2.985428
2828.000000	2.985624
2829.000000	2.985811
2830.000000	2.985958
2831.000000	2.986073
2832.000000	2.986270
2833.000000	2.986293
2834.000000	2.986524
2835.000000	2.986675
2836.000000	2.986825
2837.000000	2.986841
2838.000000	2.987036
2839.000000	2.987205
2840.000000	2.987499
2841.000000	2.987746
2842.000000	2.987687
2843.000000	2.987929
2844.000000	2.988004
2845.000000	2.988214
2846.000000	2.988375
2847.000000	2.988472
2848.000000	2.988583
2849.000000	2.988751
2850.000000	2.988888
2851.000000	2.989161
2852.000000	2.989171
2853.000000	2.989408
2854.000000	2.989484
2855.000000	2.989721
2856.000000	2.989819
2857.000000	2.989968
2858.000000	2.990140
2859.000000	2.990281
2860.000000	2.990420
2861.000000	2.990476
2862.000000	2.990687
2863.000000	2.990918
2864.000000	2.990915
2865.000000	2.991220
2866.000000	2.991293
2867.000000	2.991396
2868.000000	2.991566
2869.000000	2.991740
2870.000000	2.991920
2871.000000	2.992061
2872.000000	2.992215
2873.000000	2.992414
2874.000000	2.992454
2875.000000	2.992603
2876.000000	2.992723
2877.000000	2.992924
2878.000000	2.993056
2879.000000	2.993190
2880.000000	2.993264
2881.000000	2.993429
2882.000000	2.993713
2883.000000	2.993817
2884.000000	2.993891
2885.000000	2.994044
2886.000000	2.994272
2887.000000	2.994376
2888.000000	2.994473
2889.000000	2.994651
2890.000000	2.994756
2891.000000	2.994832
2892.000000	2.995159
2893.000000	2.995167
2894.000000	2.995293
2895.000000	2.995513
2896.000000	2.995591
2897.000000	2.995816
2898.000000	2.995993
2899.000000	2.996083
2900.000000	2.996183
2901.000000	2.996408
2902.000000	2.996477
2903.000000	2.996632
2904.000000	2.996760
2905.000000	2.996876
2906.000000	2.997152
2907.000000	2.997205
2908.000000	2.997337
2909.000000	2.997490
2910.000000	2.997699
2911.000000	2.997777
2912.000000	2.997993
2913.000000	2.998091
2914.000000	2.998188
2915.000000	2.998299
2916.000000	2.998469
2917.000000	2.998639
2918.000000	2.998823
2919.000000	2.998968
2920.000000	2.999023
2921.000000	2.999206
2922.000000	2.999370
2923.000000	2.999493
2924.000000	2.999668
2925.000000	2.999793
2926.000000	2.999942
2927.000000	3.000160
2928.000000	3.000240
2929.000000	3.000400
2930.000000	3.000567
2931.000000	3.000670
2932.000000	3.000955
2933.000000	3.000972
2934.000000	3.000930
2935.000000	3.001223
2936.000000	3.001391
2937.000000	3.001640
2938.000000	3.001697
2939.000000	3.001875
2940.000000	3.001871
2941.000000	3.002121
2942.000000	3.002242
2943.000000	3.002410
2944.000000	3.002649
2945.000000	3.002750
2946.000000	3.002804
2947.000000	3.002920
2948.000000	3.003150
2949.000000	3.003217
2950.000000	3.003315
2951.000000	3.003470
2952.000000	3.003663
2953.000000	3.003724
2954.000000	3.003850
2955.000000	3.004154
2956.000000	3.004158
2957.000000	3.004339
2958.000000	3.004515
2959.000000	3.004576
2960.000000	3.004755
2961.000000	3.004952
2962.000000	3.005068
2963.000000	3.005210
2964.000000	3.005422
2965.000000	3.005443
2966.000000	3.005569
2967.000000	3.005724
2968.000000	3.005926
2969.000000	3.006016
2970.000000	3.006234
2971.000000	3.006358
2972.000000	3.006483
2973.000000	3.006615
2974.000000	3.006652
2975.000000	3.006795
2976.000000	3.007003
2977.000000	3.007126
2978.000000	3.007305
2979.000000	3.007382
2980.000000	3.007546
2981.000000	3.007938
2982.000000	3.007844
2983.000000	3.008033
2984.000000	3.008080
2985.000000	3.008260
2986.000000	3.008464
2987.000000	3.008644
2988.000000	3.008675
2989.000000	3.008814
2990.000000	3.009082
2991.000000	3.009164
2992.000000	3.009298
2993.000000	3.009452
2994.000000	3.009626
2995.000000	3.009672
2996.000000	3.009766
2997.000000	3.010034
2998.000000	3.010120
2999.000000	3.010289
3000.000000	3.010434
3001.000000	3.010560
3002.000000	3.010762
3003.000000	3.010803
3004.000000	3.010929
3005.000000	3.011185
3006.000000	3.011282
3007.000000	3.011359
3008.000000	3.011527
3009.000000	3.011586
3010.000000	3.011868
3011.000000	3.012023
3012.000000	3.012138
3013.000000	3.012191
3014.000000	3.012361
3015.000000	3.012587
3016.000000	3.012697
3017.000000	3.012824
3018.000000	3.012915
3019.000000	3.013072
3020.000000	3.013221
3021.000000	3.013345
3022.000000	3.013576
3023.000000	3.013555
3024.000000	3.013868
3025.000000	3.013881
3026.000000	3.014113
3027.000000	3.014346
3028.000000	3.014386
3029.000000	3.014531
3030.000000	3.014709
3031.000000	3.014814
3032.000000	3.014906
3033.000000	3.015141
3034.000000	3.015141
3035.000000	3.015438
3036.000000	3.015564
3037.000000	3.015637
3038.000000	3.015782
3039.000000	3.015897
3040.000000	3.016128
3041.000000	3.016162
3042.000000	3.016315
3043.000000	3.016533
3044.000000	3.016585
3045.000000	3.016715
3046.000000	3.016887
3047.000000	3.017102
3048.000000	3.017174
3049.000000	3.017438
3050.000000	3.017518
3051.000000	3.017520
3052.000000	3.017780
3053.000000	3.017874
3054.000000	3.018141
3055.000000	3.018254
3056.000000	3.018275
3057.000000	3.018416
3058.000000	3.018583
3059.000000	3.018701
3060.000000	3.018883
3061.000000	3.018906
3062.000000	3.019207
3063.000000	3.019247
3064.000000	3.019295
3065.000000	3.019472
3066.000000	3.019728
3067.000000	3.019723
3068.000000	3.019937
3069.000000	3.020074
3070.000000	3.020399
3071.000000	3.020493
3072.000000	3.020448
3073.000000	3.020684
3074.000000	3.020798
3075.000000	3.021027
3076.000000	3.021056
3077.000000	3.021249
3078.000000	3.021276
3079.000000	3.021419
3080.000000	3.021696
3081.000000	3.021822
3082.000000	3.021883
