0.000000	0.000000
1.000000	0.000000
1.000000	0.000000
2.000000	0.000000
3.000000	0.000000
4.000000	0.000000
5.000000	0.000000
6.000000	0.000000
7.000000	0.000000
8.000000	0.000000
9.000000	0.000000
10.000000	0.000000
11.000000	0.000000
12.000000	0.000000
13.000000	0.000000
14.000000	0.000000
15.000000	0.000000
16.000000	0.000000
17.000000	0.000000
18.000000	0.000000
19.000000	0.000000
20.000000	0.000000
21.000000	0.000000
22.000000	0.000000
23.000000	0.000000
24.000000	0.000000
25.000000	0.000000
26.000000	0.000000
27.000000	0.000000
28.000000	0.000000
29.000000	0.000000
30.000000	0.000000
31.000000	0.000000
32.000000	0.000000
33.000000	0.000000
34.000000	0.000000
35.000000	0.000000
36.000000	0.000000
37.000000	0.000000
38.000000	0.000000
39.000000	0.000000
40.000000	0.000000
41.000000	0.000000
42.000000	0.000000
43.000000	0.000000
44.000000	0.000000
45.000000	0.000000
46.000000	0.000000
47.000000	0.000000
48.000000	0.000000
49.000000	0.000000
50.000000	0.000000
51.000000	0.000000
52.000000	0.000000
53.000000	0.000000
54.000000	0.000000
55.000000	0.000000
56.000000	0.000000
57.000000	0.000000
58.000000	0.000000
59.000000	0.000000
60.000000	0.000000
61.000000	0.000000
62.000000	0.000000
63.000000	0.000000
64.000000	0.000000
65.000000	0.000000
66.000000	0.000000
67.000000	0.000000
68.000000	0.000000
69.000000	0.000000
70.000000	0.000000
71.000000	0.000000
72.000000	0.000000
73.000000	0.000000
74.000000	0.000000
75.000000	0.000000
76.000000	0.000000
77.000000	0.000000
78.000000	0.000000
79.000000	0.000000
80.000000	0.000011
81.000000	0.000016
82.000000	0.000025
83.000000	0.000032
84.000000	0.000038
85.000000	0.000042
86.000000	0.000050
87.000000	0.000054
88.000000	0.000058
89.000000	0.000063
90.000000	0.000068
91.000000	0.000071
92.000000	0.000077
93.000000	0.000081
94.000000	0.000084
95.000000	0.000088
96.000000	0.000093
97.000000	0.000097
98.000000	0.000101
99.000000	0.000103
100.000000	0.000108
101.000000	0.000111
102.000000	0.000114
103.000000	0.000118
104.000000	0.000123
105.000000	0.000126
106.000000	0.000128
107.000000	0.000132
108.000000	0.000136
109.000000	0.000140
110.000000	0.000143
111.000000	0.000147
112.000000	0.000150
113.000000	0.000154
114.000000	0.000158
115.000000	0.000160
116.000000	0.000163
117.000000	0.000167
118.000000	0.000171
119.000000	0.000174
120.000000	0.000177
121.000000	0.000180
122.000000	0.000184
123.000000	0.000188
124.000000	0.000191
125.000000	0.000194
126.000000	0.000197
127.000000	0.000200
128.000000	0.000205
129.000000	0.000207
130.000000	0.000210
131.000000	0.000214
132.000000	0.000217
133.000000	0.000220
134.000000	0.000223
135.000000	0.000226
136.000000	0.000230
137.000000	0.000234
138.000000	0.000241
139.000000	0.000246
140.000000	0.000253
141.000000	0.000258
142.000000	0.000266
143.000000	0.000269
144.000000	0.000275
145.000000	0.000280
146.000000	0.000286
147.000000	0.000292
148.000000	0.000298
149.000000	0.000303
150.000000	0.000309
151.000000	0.000315
152.000000	0.000322
153.000000	0.000327
154.000000	0.000331
155.000000	0.000336
156.000000	0.000343
157.000000	0.000349
158.000000	0.000354
159.000000	0.000361
160.000000	0.000366
161.000000	0.000371
162.000000	0.000377
163.000000	0.000382
164.000000	0.000389
165.000000	0.000394
166.000000	0.000399
167.000000	0.000405
168.000000	0.000411
169.000000	0.000416
170.000000	0.000422
171.000000	0.000428
172.000000	0.000433
173.000000	0.000437
174.000000	0.000443
175.000000	0.000449
176.000000	0.000456
177.000000	0.000460
178.000000	0.000467
179.000000	0.000471
180.000000	0.000478
181.000000	0.000482
182.000000	0.000490
183.000000	0.000494
184.000000	0.000499
185.000000	0.000504
186.000000	0.000511
187.000000	0.000515
188.000000	0.000522
189.000000	0.000528
190.000000	0.000532
191.000000	0.000537
192.000000	0.000544
193.000000	0.000549
194.000000	0.000554
195.000000	0.000560
196.000000	0.000567
197.000000	0.000570
198.000000	0.000574
199.000000	0.000581
200.000000	0.000586
201.000000	0.000592
202.000000	0.000598
203.000000	0.000604
204.000000	0.000609
205.000000	0.000614
206.000000	0.000620
207.000000	0.000624
208.000000	0.000630
209.000000	0.000635
210.000000	0.000638
211.000000	0.000646
212.000000	0.000651
213.000000	0.000655
214.000000	0.000662
215.000000	0.000665
216.000000	0.000670
217.000000	0.000676
218.000000	0.000680
219.000000	0.000685
220.000000	0.000691
221.000000	0.000696
222.000000	0.000702
223.000000	0.000705
224.000000	0.000710
225.000000	0.000717
226.000000	0.000722
227.000000	0.000726
228.000000	0.000732
229.000000	0.000736
230.000000	0.000741
231.000000	0.000746
232.000000	0.000751
233.000000	0.000757
234.000000	0.000762
235.000000	0.000767
236.000000	0.000772
237.000000	0.000777
238.000000	0.000782
239.000000	0.000787
240.000000	0.000793
241.000000	0.000798
242.000000	0.000803
243.000000	0.000809
244.000000	0.000812
245.000000	0.000817
246.000000	0.000824
247.000000	0.000828
248.000000	0.000833
249.000000	0.000837
250.000000	0.000843
251.000000	0.000848
252.000000	0.000853
253.000000	0.000857
254.000000	0.000864
255.000000	0.000870
256.000000	0.000872
257.000000	0.000878
258.000000	0.000884
259.000000	0.000889
260.000000	0.000893
261.000000	0.000898
262.000000	0.000903
263.000000	0.000908
264.000000	0.000913
265.000000	0.000916
266.000000	0.000923
267.000000	0.000926
268.000000	0.000932
269.000000	0.000936
270.000000	0.000941
271.000000	0.000949
272.000000	0.000952
273.000000	0.000959
274.000000	0.000962
275.000000	0.000967
276.000000	0.000972
277.000000	0.000976
278.000000	0.000981
279.000000	0.000987
280.000000	0.000991
281.000000	0.000997
282.000000	0.001001
283.000000	0.001004
284.000000	0.001011
285.000000	0.001014
286.000000	0.001023
287.000000	0.001025
288.000000	0.001030
289.000000	0.001036
290.000000	0.001040
291.000000	0.001044
292.000000	0.001050
293.000000	0.001056
294.000000	0.001060
295.000000	0.001064
296.000000	0.001068
297.000000	0.001074
298.000000	0.001080
299.000000	0.001085
300.000000	0.001087
301.000000	0.001095
302.000000	0.001099
303.000000	0.001104
304.000000	0.001108
305.000000	0.001112
306.000000	0.001119
307.000000	0.001123
308.000000	0.001126
309.000000	0.001133
310.000000	0.001136
311.000000	0.001143
312.000000	0.001148
313.000000	0.001149
314.000000	0.001158
315.000000	0.001160
316.000000	0.001167
317.000000	0.001170
318.000000	0.001175
319.000000	0.001180
320.000000	0.001184
321.000000	0.001190
322.000000	0.001194
323.000000	0.001200
324.000000	0.001204
325.000000	0.001207
326.000000	0.001213
327.000000	0.001219
328.000000	0.001225
329.000000	0.001228
330.000000	0.001232
331.000000	0.001238
332.000000	0.001241
333.000000	0.001247
334.000000	0.001251
335.000000	0.001255
336.000000	0.001260
337.000000	0.001265
338.000000	0.001270
339.000000	0.001274
340.000000	0.001278
341.000000	0.001283
342.000000	0.001288
343.000000	0.001294
344.000000	0.001297
345.000000	0.001302
346.000000	0.001306
347.000000	0.001311
348.000000	0.001316
349.000000	0.001320
350.000000	0.001325
351.000000	0.001330
352.000000	0.001334
353.000000	0.001337
354.000000	0.001343
355.000000	0.001347
356.000000	0.001354
357.000000	0.001358
358.000000	0.001362
359.000000	0.001367
360.000000	0.001373
361.000000	0.001377
362.000000	0.001384
363.000000	0.001387
364.000000	0.001393
365.000000	0.001398
366.000000	0.001404
367.000000	0.001408
368.000000	0.001414
369.000000	0.001417
370.000000	0.001424
371.000000	0.001428
372.000000	0.001433
373.000000	0.001437
374.000000	0.001443
375.000000	0.001448
376.000000	0.001453
377.000000	0.001458
378.000000	0.001463
379.000000	0.001469
380.000000	0.001474
381.000000	0.001479
382.000000	0.001484
383.000000	0.001490
384.000000	0.001496
385.000000	0.001500
386.000000	0.001505
387.000000	0.001510
388.000000	0.001515
389.000000	0.001520
390.000000	0.001528
391.000000	0.001532
392.000000	0.001535
393.000000	0.001540
394.000000	0.001545
395.000000	0.001550
396.000000	0.001558
397.000000	0.001560
398.000000	0.001566
399.000000	0.001573
400.000000	0.001577
401.000000	0.001581
402.000000	0.001586
403.000000	0.001590
404.000000	0.001597
405.000000	0.001600
406.000000	0.001606
407.000000	0.001611
408.000000	0.001617
409.000000	0.001621
410.000000	0.001625
411.000000	0.001632
412.000000	0.001636
413.000000	0.001639
414.000000	0.001645
415.000000	0.001652
416.000000	0.001655
417.000000	0.001660
418.000000	0.001665
419.000000	0.001670
420.000000	0.001675
421.000000	0.001680
422.000000	0.001683
423.000000	0.001692
424.000000	0.001694
425.000000	0.001699
426.000000	0.001705
427.000000	0.001708
428.000000	0.001713
429.000000	0.001719
430.000000	0.001724
431.000000	0.001727
432.000000	0.001734
433.000000	0.001738
434.000000	0.001741
435.000000	0.001747
436.000000	0.001752
437.000000	0.001756
438.000000	0.001762
439.000000	0.001766
440.000000	0.001772
441.000000	0.001775
442.000000	0.001779
443.000000	0.001786
444.000000	0.001790
445.000000	0.001797
446.000000	0.001800
447.000000	0.001805
448.000000	0.001809
449.000000	0.001815
450.000000	0.001818
451.000000	0.001822
452.000000	0.001828
453.000000	0.001833
454.000000	0.001838
455.000000	0.001842
456.000000	0.001847
457.000000	0.001852
458.000000	0.001857
459.000000	0.001861
460.000000	0.001866
461.000000	0.001870
462.000000	0.001876
463.000000	0.001879
464.000000	0.001886
465.000000	0.001890
466.000000	0.001893
467.000000	0.001899
468.000000	0.001903
469.000000	0.001909
470.000000	0.001913
471.000000	0.001918
472.000000	0.001923
473.000000	0.001924
474.000000	0.001931
475.000000	0.001937
476.000000	0.001942
477.000000	0.001945
478.000000	0.001950
479.000000	0.001956
480.000000	0.001960
481.000000	0.001964
482.000000	0.001970
483.000000	0.001973
484.000000	0.001979
485.000000	0.001984
486.000000	0.001988
487.000000	0.001990
488.000000	0.001998
489.000000	0.002001
490.000000	0.002006
491.000000	0.002012
492.000000	0.002016
493.000000	0.002020
494.000000	0.002027
495.000000	0.002030
496.000000	0.002035
497.000000	0.002039
498.000000	0.002044
499.000000	0.002049
500.000000	0.002053
501.000000	0.002058
502.000000	0.002063
503.000000	0.002067
504.000000	0.002071
505.000000	0.002077
506.000000	0.002081
507.000000	0.002085
508.000000	0.002093
509.000000	0.002094
510.000000	0.002100
511.000000	0.002104
512.000000	0.002108
513.000000	0.002114
514.000000	0.002118
515.000000	0.002122
516.000000	0.002128
517.000000	0.002132
518.000000	0.002137
519.000000	0.002141
520.000000	0.002144
521.000000	0.002150
522.000000	0.002154
523.000000	0.002160
524.000000	0.002164
525.000000	0.002170
526.000000	0.002173
527.000000	0.002178
528.000000	0.002182
529.000000	0.002187
530.000000	0.002191
531.000000	0.002196
532.000000	0.002201
533.000000	0.002202
534.000000	0.002211
535.000000	0.002214
536.000000	0.002218
537.000000	0.002222
538.000000	0.002226
539.000000	0.002231
540.000000	0.002236
541.000000	0.002243
542.000000	0.002246
543.000000	0.002251
544.000000	0.002256
545.000000	0.002260
546.000000	0.002263
547.000000	0.002268
548.000000	0.002273
549.000000	0.002278
550.000000	0.002282
551.000000	0.002285
552.000000	0.002290
553.000000	0.002295
554.000000	0.002298
555.000000	0.002304
556.000000	0.002309
557.000000	0.002312
558.000000	0.002317
559.000000	0.002321
560.000000	0.002326
561.000000	0.002329
562.000000	0.002335
563.000000	0.002340
564.000000	0.002344
565.000000	0.002348
566.000000	0.002351
567.000000	0.002356
568.000000	0.002361
569.000000	0.002365
570.000000	0.002368
571.000000	0.002375
572.000000	0.002380
573.000000	0.002385
574.000000	0.002388
575.000000	0.002392
576.000000	0.002395
577.000000	0.002400
578.000000	0.002406
579.000000	0.002410
580.000000	0.002415
581.000000	0.002418
582.000000	0.002424
583.000000	0.002428
584.000000	0.002433
585.000000	0.002437
586.000000	0.002442
587.000000	0.002445
588.000000	0.002449
589.000000	0.002454
590.000000	0.002458
591.000000	0.002464
592.000000	0.002467
593.000000	0.002471
594.000000	0.002474
595.000000	0.002480
596.000000	0.002485
597.000000	0.002487
598.000000	0.002494
599.000000	0.002496
600.000000	0.002503
601.000000	0.002506
602.000000	0.002511
603.000000	0.002516
604.000000	0.002521
605.000000	0.002523
606.000000	0.002527
607.000000	0.002533
608.000000	0.002537
609.000000	0.002541
610.000000	0.002545
611.000000	0.002550
612.000000	0.002554
613.000000	0.002559
614.000000	0.002565
615.000000	0.002567
616.000000	0.002571
617.000000	0.002576
618.000000	0.002583
619.000000	0.002585
620.000000	0.002589
621.000000	0.002595
622.000000	0.002599
623.000000	0.002603
624.000000	0.002607
625.000000	0.002611
626.000000	0.002615
627.000000	0.002620
628.000000	0.002627
629.000000	0.002628
630.000000	0.002634
631.000000	0.002638
632.000000	0.002642
633.000000	0.002648
634.000000	0.002650
635.000000	0.002656
636.000000	0.002661
637.000000	0.002665
638.000000	0.002668
639.000000	0.002672
640.000000	0.002677
641.000000	0.002682
642.000000	0.002686
643.000000	0.002689
644.000000	0.002695
645.000000	0.002699
646.000000	0.002703
647.000000	0.002707
648.000000	0.002712
649.000000	0.002717
650.000000	0.002720
651.000000	0.002725
652.000000	0.002731
653.000000	0.002733
654.000000	0.002739
655.000000	0.002742
656.000000	0.002747
657.000000	0.002752
658.000000	0.002757
659.000000	0.002760
660.000000	0.002763
661.000000	0.002769
662.000000	0.002774
663.000000	0.002776
664.000000	0.002781
665.000000	0.002785
666.000000	0.002789
667.000000	0.002795
668.000000	0.002798
669.000000	0.002803
670.000000	0.002809
671.000000	0.002812
672.000000	0.002817
673.000000	0.002821
674.000000	0.002824
675.000000	0.002827
676.000000	0.002831
677.000000	0.002837
678.000000	0.002841
679.000000	0.002845
680.000000	0.002850
681.000000	0.002854
682.000000	0.002859
683.000000	0.002863
684.000000	0.002868
685.000000	0.002873
686.000000	0.002875
687.000000	0.002880
688.000000	0.002885
689.000000	0.002890
690.000000	0.002892
691.000000	0.002897
692.000000	0.002902
693.000000	0.002908
694.000000	0.002910
695.000000	0.002913
696.000000	0.002919
697.000000	0.002925
698.000000	0.002929
699.000000	0.002932
700.000000	0.002935
701.000000	0.002940
702.000000	0.002945
703.000000	0.002948
704.000000	0.002952
705.000000	0.002957
706.000000	0.002960
707.000000	0.002966
708.000000	0.002970
709.000000	0.002975
710.000000	0.002977
711.000000	0.002983
712.000000	0.002988
713.000000	0.002991
714.000000	0.002997
715.000000	0.003000
716.000000	0.003007
717.000000	0.003010
718.000000	0.003014
719.000000	0.003017
720.000000	0.003023
721.000000	0.003026
722.000000	0.003032
723.000000	0.003035
724.000000	0.003040
725.000000	0.003044
726.000000	0.003048
727.000000	0.003052
728.000000	0.003057
729.000000	0.003061
730.000000	0.003066
731.000000	0.003071
732.000000	0.003074
733.000000	0.003077
734.000000	0.003082
735.000000	0.003086
736.000000	0.003091
737.000000	0.003095
738.000000	0.003100
739.000000	0.003103
740.000000	0.003109
741.000000	0.003111
742.000000	0.003116
743.000000	0.003121
744.000000	0.003125
745.000000	0.003129
746.000000	0.003134
747.000000	0.003139
748.000000	0.003142
749.000000	0.003146
750.000000	0.003151
751.000000	0.003157
752.000000	0.003158
753.000000	0.003163
754.000000	0.003168
755.000000	0.003173
756.000000	0.003174
757.000000	0.003180
758.000000	0.003185
759.000000	0.003189
760.000000	0.003193
761.000000	0.003197
762.000000	0.003201
763.000000	0.003206
764.000000	0.003211
765.000000	0.003213
766.000000	0.003220
767.000000	0.003222
768.000000	0.003226
769.000000	0.003232
770.000000	0.003237
771.000000	0.003240
772.000000	0.003244
773.000000	0.003249
774.000000	0.003252
775.000000	0.003256
776.000000	0.003260
777.000000	0.003266
778.000000	0.003268
779.000000	0.003272
780.000000	0.003276
781.000000	0.003281
782.000000	0.003285
783.000000	0.003292
784.000000	0.003295
785.000000	0.003299
786.000000	0.003302
787.000000	0.003307
788.000000	0.003312
789.000000	0.003313
790.000000	0.003318
791.000000	0.003323
792.000000	0.003328
793.000000	0.003331
794.000000	0.003336
795.000000	0.003340
796.000000	0.003343
797.000000	0.003349
798.000000	0.003353
799.000000	0.003357
800.000000	0.003360
801.000000	0.003365
802.000000	0.003371
803.000000	0.003371
804.000000	0.003378
805.000000	0.003381
806.000000	0.003385
807.000000	0.003389
808.000000	0.003394
809.000000	0.003399
810.000000	0.003401
811.000000	0.003406
812.000000	0.003411
813.000000	0.003414
814.000000	0.003419
815.000000	0.003424
816.000000	0.003425
817.000000	0.003432
818.000000	0.003434
819.000000	0.003438
820.000000	0.003443
821.000000	0.003447
822.000000	0.003452
823.000000	0.003455
824.000000	0.003459
825.000000	0.003464
826.000000	0.003468
827.000000	0.003470
828.000000	0.003476
829.000000	0.003481
830.000000	0.003485
831.000000	0.003488
832.000000	0.003491
833.000000	0.003497
834.000000	0.003501
835.000000	0.003505
836.000000	0.003508
837.000000	0.003511
838.000000	0.003517
839.000000	0.003521
840.000000	0.003525
841.000000	0.003529
842.000000	0.003533
843.000000	0.003537
844.000000	0.003541
845.000000	0.003546
846.000000	0.003550
847.000000	0.003554
848.000000	0.003559
849.000000	0.003562
850.000000	0.003566
851.000000	0.003571
852.000000	0.003574
853.000000	0.003579
854.000000	0.003583
855.000000	0.003587
856.000000	0.003590
857.000000	0.003594
858.000000	0.003599
859.000000	0.003604
860.000000	0.003608
861.000000	0.003611
862.000000	0.003617
863.000000	0.003620
864.000000	0.003623
865.000000	0.003628
866.000000	0.003630
867.000000	0.003635
868.000000	0.003640
869.000000	0.003644
870.000000	0.003646
871.000000	0.003652
872.000000	0.003655
873.000000	0.003661
874.000000	0.003664
875.000000	0.003668
876.000000	0.003672
877.000000	0.003676
878.000000	0.003680
879.000000	0.003682
880.000000	0.003690
881.000000	0.003694
882.000000	0.003696
883.000000	0.003702
884.000000	0.003705
885.000000	0.003708
886.000000	0.003712
887.000000	0.003717
888.000000	0.003721
889.000000	0.003724
890.000000	0.003729
891.000000	0.003733
892.000000	0.003738
893.000000	0.003741
894.000000	0.003746
895.000000	0.003750
896.000000	0.003754
897.000000	0.003757
898.000000	0.003762
899.000000	0.003767
900.000000	0.003769
901.000000	0.003775
902.000000	0.003779
903.000000	0.003780
904.000000	0.003785
905.000000	0.003789
906.000000	0.003795
907.000000	0.003799
908.000000	0.003801
909.000000	0.003806
910.000000	0.003810
911.000000	0.003814
912.000000	0.003817
913.000000	0.003822
914.000000	0.003825
915.000000	0.003831
916.000000	0.003834
917.000000	0.003837
918.000000	0.003843
919.000000	0.003847
920.000000	0.003848
921.000000	0.003854
922.000000	0.003857
923.000000	0.003863
924.000000	0.003866
925.000000	0.003869
926.000000	0.003873
927.000000	0.003878
928.000000	0.003884
929.000000	0.003885
930.000000	0.003891
931.000000	0.003894
932.000000	0.003898
933.000000	0.003902
934.000000	0.003904
935.000000	0.003910
936.000000	0.003912
937.000000	0.003916
938.000000	0.003921
939.000000	0.003927
940.000000	0.003931
941.000000	0.003934
942.000000	0.003937
943.000000	0.003942
944.000000	0.003946
945.000000	0.003949
946.000000	0.003955
947.000000	0.003957
948.000000	0.003962
949.000000	0.003965
950.000000	0.003970
951.000000	0.003973
952.000000	0.003978
953.000000	0.003982
954.000000	0.003987
955.000000	0.003992
956.000000	0.003994
957.000000	0.003999
958.000000	0.004003
959.000000	0.004006
960.000000	0.004011
961.000000	0.004015
962.000000	0.004019
963.000000	0.004022
964.000000	0.004027
965.000000	0.004033
966.000000	0.004034
967.000000	0.004037
968.000000	0.004041
969.000000	0.004046
970.000000	0.004051
971.000000	0.004053
972.000000	0.004059
973.000000	0.004062
974.000000	0.004066
975.000000	0.004070
976.000000	0.004074
977.000000	0.004078
978.000000	0.004082
979.000000	0.004086
980.000000	0.004090
981.000000	0.004096
982.000000	0.004098
983.000000	0.004101
984.000000	0.004107
985.000000	0.004111
986.000000	0.004115
987.000000	0.004118
988.000000	0.004122
989.000000	0.004125
990.000000	0.004131
991.000000	0.004134
992.000000	0.004138
993.000000	0.004142
994.000000	0.004148
995.000000	0.004149
996.000000	0.004154
997.000000	0.004158
998.000000	0.004161
999.000000	0.004165
1000.000000	0.004171
1001.000000	0.004173
1002.000000	0.004178
1003.000000	0.004181
1004.000000	0.004187
1005.000000	0.004189
1006.000000	0.004193
1007.000000	0.004196
1008.000000	0.004202
1009.000000	0.004203
1010.000000	0.004208
1011.000000	0.004212
1012.000000	0.004215
1013.000000	0.004219
1014.000000	0.004225
1015.000000	0.004226
1016.000000	0.004232
1017.000000	0.004235
1018.000000	0.004241
1019.000000	0.004243
1020.000000	0.004247
1021.000000	0.004250
1022.000000	0.004256
1023.000000	0.004257
1024.000000	0.004262
1025.000000	0.004266
1026.000000	0.004269
1027.000000	0.004273
1028.000000	0.004277
1029.000000	0.004282
1030.000000	0.004285
1031.000000	0.004290
1032.000000	0.004294
1033.000000	0.004297
1034.000000	0.004300
1035.000000	0.004303
1036.000000	0.004308
1037.000000	0.004312
1038.000000	0.004316
1039.000000	0.004320
1040.000000	0.004325
1041.000000	0.004326
1042.000000	0.004332
1043.000000	0.004334
1044.000000	0.004340
1045.000000	0.004345
1046.000000	0.004347
1047.000000	0.004351
1048.000000	0.004356
1049.000000	0.004356
1050.000000	0.004361
1051.000000	0.004365
1052.000000	0.004371
1053.000000	0.004373
1054.000000	0.004378
1055.000000	0.004382
1056.000000	0.004385
1057.000000	0.004389
1058.000000	0.004394
1059.000000	0.004396
1060.000000	0.004401
1061.000000	0.004403
1062.000000	0.004409
1063.000000	0.004412
1064.000000	0.004417
1065.000000	0.004420
1066.000000	0.004423
1067.000000	0.004426
1068.000000	0.004432
1069.000000	0.004436
1070.000000	0.004439
1071.000000	0.004443
1072.000000	0.004446
1073.000000	0.004450
1074.000000	0.004453
1075.000000	0.004458
1076.000000	0.004462
1077.000000	0.004467
1078.000000	0.004470
1079.000000	0.004475
1080.000000	0.004478
1081.000000	0.004482
1082.000000	0.004484
1083.000000	0.004489
1084.000000	0.004492
1085.000000	0.004497
1086.000000	0.004500
1087.000000	0.004504
1088.000000	0.004507
1089.000000	0.004512
1090.000000	0.004514
1091.000000	0.004519
1092.000000	0.004524
1093.000000	0.004528
1094.000000	0.004531
1095.000000	0.004536
1096.000000	0.004540
1097.000000	0.004544
1098.000000	0.004546
1099.000000	0.004551
1100.000000	0.004555
1101.000000	0.004559
1102.000000	0.004564
1103.000000	0.004566
1104.000000	0.004570
1105.000000	0.004574
1106.000000	0.004577
1107.000000	0.004581
1108.000000	0.004585
1109.000000	0.004589
1110.000000	0.004593
1111.000000	0.004595
1112.000000	0.004602
1113.000000	0.004603
1114.000000	0.004608
1115.000000	0.004610
1116.000000	0.004615
1117.000000	0.004621
1118.000000	0.004625
1119.000000	0.004629
1120.000000	0.004633
1121.000000	0.004637
1122.000000	0.004643
1123.000000	0.004646
1124.000000	0.004651
1125.000000	0.004656
1126.000000	0.004661
1127.000000	0.004666
1128.000000	0.004669
1129.000000	0.004675
1130.000000	0.004678
1131.000000	0.004683
1132.000000	0.004686
1133.000000	0.004691
1134.000000	0.004696
1135.000000	0.004700
1136.000000	0.004706
1137.000000	0.004708
1138.000000	0.004713
1139.000000	0.004719
1140.000000	0.004722
1141.000000	0.004728
1142.000000	0.004731
1143.000000	0.004735
1144.000000	0.004739
1145.000000	0.004746
1146.000000	0.004748
1147.000000	0.004756
1148.000000	0.004757
1149.000000	0.004761
1150.000000	0.004766
1151.000000	0.004770
1152.000000	0.004774
1153.000000	0.004780
1154.000000	0.004783
1155.000000	0.004788
1156.000000	0.004792
1157.000000	0.004797
1158.000000	0.004801
1159.000000	0.004805
1160.000000	0.004809
1161.000000	0.004816
1162.000000	0.004818
1163.000000	0.004823
1164.000000	0.004829
1165.000000	0.004833
1166.000000	0.004836
1167.000000	0.004841
1168.000000	0.004844
1169.000000	0.004847
1170.000000	0.004854
1171.000000	0.004857
1172.000000	0.004861
1173.000000	0.004866
1174.000000	0.004872
1175.000000	0.004874
1176.000000	0.004881
1177.000000	0.004882
1178.000000	0.004889
1179.000000	0.004891
1180.000000	0.004898
1181.000000	0.004902
1182.000000	0.004906
1183.000000	0.004909
1184.000000	0.004915
1185.000000	0.004918
1186.000000	0.004924
1187.000000	0.004927
1188.000000	0.004930
1189.000000	0.004935
1190.000000	0.004939
1191.000000	0.004944
1192.000000	0.004947
1193.000000	0.004954
1194.000000	0.004958
1195.000000	0.004959
1196.000000	0.004965
1197.000000	0.004971
1198.000000	0.004974
1199.000000	0.004980
1200.000000	0.004983
1201.000000	0.004989
1202.000000	0.004990
1203.000000	0.004995
1204.000000	0.005000
1205.000000	0.005003
1206.000000	0.005007
1207.000000	0.005014
1208.000000	0.005018
1209.000000	0.005021
1210.000000	0.005027
1211.000000	0.005031
1212.000000	0.005035
1213.000000	0.005037
1214.000000	0.005044
1215.000000	0.005048
1216.000000	0.005053
1217.000000	0.005059
1218.000000	0.005062
1219.000000	0.005064
1220.000000	0.005069
1221.000000	0.005075
1222.000000	0.005079
1223.000000	0.005083
1224.000000	0.005086
1225.000000	0.005090
1226.000000	0.005095
1227.000000	0.005101
1228.000000	0.005104
1229.000000	0.005109
1230.000000	0.005112
1231.000000	0.005116
1232.000000	0.005121
1233.000000	0.005125
1234.000000	0.005130
1235.000000	0.005133
1236.000000	0.005139
1237.000000	0.005141
1238.000000	0.005148
1239.000000	0.005152
1240.000000	0.005157
1241.000000	0.005160
1242.000000	0.005165
1243.000000	0.005169
1244.000000	0.005174
1245.000000	0.005179
1246.000000	0.005181
1247.000000	0.005186
1248.000000	0.005187
1249.000000	0.005194
1250.000000	0.005196
1251.000000	0.005203
1252.000000	0.005206
1253.000000	0.005211
1254.000000	0.005216
1255.000000	0.005218
1256.000000	0.005225
1257.000000	0.005229
1258.000000	0.005234
1259.000000	0.005237
1260.000000	0.005242
1261.000000	0.005246
1262.000000	0.005252
1263.000000	0.005254
1264.000000	0.005259
1265.000000	0.005264
1266.000000	0.005267
1267.000000	0.005273
1268.000000	0.005274
1269.000000	0.005280
1270.000000	0.005286
1271.000000	0.005288
1272.000000	0.005290
1273.000000	0.005296
1274.000000	0.005301
1275.000000	0.005304
1276.000000	0.005309
1277.000000	0.005312
1278.000000	0.005318
1279.000000	0.005322
1280.000000	0.005326
1281.000000	0.005330
1282.000000	0.005333
1283.000000	0.005337
1284.000000	0.005343
1285.000000	0.005346
1286.000000	0.005350
1287.000000	0.005354
1288.000000	0.005358
1289.000000	0.005363
1290.000000	0.005368
1291.000000	0.005371
1292.000000	0.005375
1293.000000	0.005380
1294.000000	0.005382
1295.000000	0.005389
1296.000000	0.005391
1297.000000	0.005394
1298.000000	0.005401
1299.000000	0.005403
1300.000000	0.005409
1301.000000	0.005413
1302.000000	0.005417
1303.000000	0.005421
1304.000000	0.005424
1305.000000	0.005431
1306.000000	0.005433
1307.000000	0.005438
1308.000000	0.005444
1309.000000	0.005446
1310.000000	0.005453
1311.000000	0.005456
1312.000000	0.005461
1313.000000	0.005462
1314.000000	0.005467
1315.000000	0.005473
1316.000000	0.005476
1317.000000	0.005481
1318.000000	0.005484
1319.000000	0.005489
1320.000000	0.005493
1321.000000	0.005498
1322.000000	0.005502
1323.000000	0.005507
1324.000000	0.005510
1325.000000	0.005513
1326.000000	0.005518
1327.000000	0.005521
1328.000000	0.005528
1329.000000	0.005532
1330.000000	0.005534
1331.000000	0.005541
1332.000000	0.005543
1333.000000	0.005548
1334.000000	0.005551
1335.000000	0.005555
1336.000000	0.005559
1337.000000	0.005563
1338.000000	0.005568
1339.000000	0.005573
1340.000000	0.005577
1341.000000	0.005585
1342.000000	0.005587
1343.000000	0.005591
1344.000000	0.005592
1345.000000	0.005599
1346.000000	0.005601
1347.000000	0.005606
1348.000000	0.005612
1349.000000	0.005616
1350.000000	0.005620
1351.000000	0.005626
1352.000000	0.005629
1353.000000	0.005633
1354.000000	0.005636
1355.000000	0.005641
1356.000000	0.005644
1357.000000	0.005649
1358.000000	0.005653
1359.000000	0.005656
1360.000000	0.005660
1361.000000	0.005664
1362.000000	0.005668
1363.000000	0.005676
1364.000000	0.005678
1365.000000	0.005681
1366.000000	0.005686
1367.000000	0.005689
1368.000000	0.005693
1369.000000	0.005698
1370.000000	0.005702
1371.000000	0.005707
1372.000000	0.005710
1373.000000	0.005715
1374.000000	0.005718
1375.000000	0.005724
1376.000000	0.005729
1377.000000	0.005731
1378.000000	0.005735
1379.000000	0.005740
1380.000000	0.005743
1381.000000	0.005748
1382.000000	0.005753
1383.000000	0.005756
1384.000000	0.005760
1385.000000	0.005766
1386.000000	0.005767
1387.000000	0.005770
1388.000000	0.005777
1389.000000	0.005780
1390.000000	0.005785
1391.000000	0.005786
1392.000000	0.005789
1393.000000	0.005798
1394.000000	0.005800
1395.000000	0.005804
1396.000000	0.005808
1397.000000	0.005813
1398.000000	0.005817
1399.000000	0.005820
1400.000000	0.005825
1401.000000	0.005827
1402.000000	0.005833
1403.000000	0.005837
1404.000000	0.005842
1405.000000	0.005844
1406.000000	0.005849
1407.000000	0.005854
1408.000000	0.005858
1409.000000	0.005860
1410.000000	0.005865
1411.000000	0.005871
1412.000000	0.005874
1413.000000	0.005878
1414.000000	0.005881
1415.000000	0.005888
1416.000000	0.005891
1417.000000	0.005896
1418.000000	0.005899
1419.000000	0.005904
1420.000000	0.005907
1421.000000	0.005913
1422.000000	0.005916
1423.000000	0.005920
1424.000000	0.005925
1425.000000	0.005929
1426.000000	0.005931
1427.000000	0.005936
1428.000000	0.005941
1429.000000	0.005946
1430.000000	0.005948
1431.000000	0.005955
1432.000000	0.005958
1433.000000	0.005960
1434.000000	0.005966
1435.000000	0.005968
1436.000000	0.005970
1437.000000	0.005971
1438.000000	0.005974
1439.000000	0.005976
1440.000000	0.005977
1441.000000	0.005980
1442.000000	0.005981
1443.000000	0.005984
1444.000000	0.005986
1445.000000	0.005987
1446.000000	0.005989
1447.000000	0.005991
1448.000000	0.005994
1449.000000	0.005995
1450.000000	0.005997
1451.000000	0.005999
1452.000000	0.006002
1453.000000	0.006004
1454.000000	0.006005
1455.000000	0.006006
1456.000000	0.006009
1457.000000	0.006011
1458.000000	0.006013
1459.000000	0.006015
1460.000000	0.006015
1461.000000	0.006019
1462.000000	0.006020
1463.000000	0.006022
1464.000000	0.006024
1465.000000	0.006026
1466.000000	0.006028
1467.000000	0.006030
1468.000000	0.006032
1469.000000	0.006033
1470.000000	0.006036
1471.000000	0.006037
1472.000000	0.006039
1473.000000	0.006042
1474.000000	0.006042
1475.000000	0.006045
1476.000000	0.006048
1477.000000	0.006049
1478.000000	0.006051
1479.000000	0.006053
1480.000000	0.006054
1481.000000	0.006056
1482.000000	0.006058
1483.000000	0.006061
1484.000000	0.006062
1485.000000	0.006065
1486.000000	0.006067
1487.000000	0.006068
1488.000000	0.006070
1489.000000	0.006072
1490.000000	0.006074
1491.000000	0.006075
1492.000000	0.006078
1493.000000	0.006080
1494.000000	0.006082
1495.000000	0.006083
1496.000000	0.006085
1497.000000	0.006087
1498.000000	0.006089
1499.000000	0.006091
1500.000000	0.006093
1501.000000	0.006095
1502.000000	0.006096
1503.000000	0.006098
1504.000000	0.006101
1505.000000	0.006102
1506.000000	0.006103
1507.000000	0.006105
1508.000000	0.006107
1509.000000	0.006109
1510.000000	0.006111
1511.000000	0.006114
1512.000000	0.006116
1513.000000	0.006117
1514.000000	0.006119
1515.000000	0.006120
1516.000000	0.006122
1517.000000	0.006124
1518.000000	0.006126
1519.000000	0.006128
1520.000000	0.006130
1521.000000	0.006132
1522.000000	0.006134
1523.000000	0.006136
1524.000000	0.006137
1525.000000	0.006138
1526.000000	0.006141
1527.000000	0.006143
1528.000000	0.006144
1529.000000	0.006146
1530.000000	0.006149
1531.000000	0.006150
1532.000000	0.006152
1533.000000	0.006153
1534.000000	0.006155
1535.000000	0.006157
1536.000000	0.006159
1537.000000	0.006162
1538.000000	0.006164
1539.000000	0.006165
1540.000000	0.006167
1541.000000	0.006169
1542.000000	0.006171
1543.000000	0.006173
1544.000000	0.006175
1545.000000	0.006176
1546.000000	0.006179
1547.000000	0.006180
1548.000000	0.006181
1549.000000	0.006183
1550.000000	0.006186
1551.000000	0.006187
1552.000000	0.006189
1553.000000	0.006191
1554.000000	0.006194
1555.000000	0.006195
1556.000000	0.006197
1557.000000	0.006198
1558.000000	0.006201
1559.000000	0.006202
1560.000000	0.006204
1561.000000	0.006206
1562.000000	0.006207
1563.000000	0.006211
1564.000000	0.006211
1565.000000	0.006213
1566.000000	0.006215
1567.000000	0.006218
1568.000000	0.006219
1569.000000	0.006221
1570.000000	0.006223
1571.000000	0.006225
1572.000000	0.006226
1573.000000	0.006228
1574.000000	0.006231
1575.000000	0.006232
1576.000000	0.006234
1577.000000	0.006236
1578.000000	0.006239
1579.000000	0.006240
1580.000000	0.006243
1581.000000	0.006243
1582.000000	0.006246
1583.000000	0.006248
1584.000000	0.006249
1585.000000	0.006251
1586.000000	0.006253
1587.000000	0.006255
1588.000000	0.006257
1589.000000	0.006258
1590.000000	0.006261
1591.000000	0.006261
1592.000000	0.006264
1593.000000	0.006268
1594.000000	0.006267
1595.000000	0.006270
1596.000000	0.006271
1597.000000	0.006273
1598.000000	0.006274
1599.000000	0.006277
1600.000000	0.006279
1601.000000	0.006281
1602.000000	0.006283
1603.000000	0.006283
1604.000000	0.006286
1605.000000	0.006288
1606.000000	0.006289
1607.000000	0.006292
1608.000000	0.006293
1609.000000	0.006294
1610.000000	0.006296
1611.000000	0.006298
1612.000000	0.006300
1613.000000	0.006302
1614.000000	0.006304
1615.000000	0.006305
1616.000000	0.006308
1617.000000	0.006309
1618.000000	0.006312
1619.000000	0.006313
1620.000000	0.006314
1621.000000	0.006316
1622.000000	0.006318
1623.000000	0.006320
1624.000000	0.006321
1625.000000	0.006324
1626.000000	0.006326
1627.000000	0.006327
1628.000000	0.006329
1629.000000	0.006332
1630.000000	0.006333
1631.000000	0.006335
1632.000000	0.006336
1633.000000	0.006339
1634.000000	0.006340
1635.000000	0.006341
1636.000000	0.006343
1637.000000	0.006345
1638.000000	0.006348
1639.000000	0.006349
1640.000000	0.006351
1641.000000	0.006354
1642.000000	0.006355
1643.000000	0.006357
1644.000000	0.006358
1645.000000	0.006360
1646.000000	0.006363
1647.000000	0.006364
1648.000000	0.006366
1649.000000	0.006368
1650.000000	0.006369
1651.000000	0.006372
1652.000000	0.006374
1653.000000	0.006376
1654.000000	0.006378
1655.000000	0.006379
1656.000000	0.006381
1657.000000	0.006382
1658.000000	0.006384
1659.000000	0.006387
1660.000000	0.006388
1661.000000	0.006390
1662.000000	0.006392
1663.000000	0.006394
1664.000000	0.006396
1665.000000	0.006398
1666.000000	0.006400
1667.000000	0.006400
1668.000000	0.006404
1669.000000	0.006405
1670.000000	0.006407
1671.000000	0.006408
1672.000000	0.006410
1673.000000	0.006412
1674.000000	0.006412
1675.000000	0.006416
1676.000000	0.006417
1677.000000	0.006418
1678.000000	0.006421
1679.000000	0.006423
1680.000000	0.006424
1681.000000	0.006426
1682.000000	0.006428
1683.000000	0.006430
1684.000000	0.006431
1685.000000	0.006433
1686.000000	0.006435
1687.000000	0.006437
1688.000000	0.006439
1689.000000	0.006441
1690.000000	0.006442
1691.000000	0.006444
1692.000000	0.006446
1693.000000	0.006448
1694.000000	0.006449
1695.000000	0.006451
1696.000000	0.006453
1697.000000	0.006455
1698.000000	0.006457
1699.000000	0.006459
1700.000000	0.006459
1701.000000	0.006461
1702.000000	0.006464
1703.000000	0.006465
1704.000000	0.006468
1705.000000	0.006468
1706.000000	0.006470
1707.000000	0.006473
1708.000000	0.006475
1709.000000	0.006477
1710.000000	0.006478
1711.000000	0.006480
1712.000000	0.006482
1713.000000	0.006484
1714.000000	0.006485
1715.000000	0.006488
1716.000000	0.006489
1717.000000	0.006491
1718.000000	0.006494
1719.000000	0.006495
1720.000000	0.006496
1721.000000	0.006498
1722.000000	0.006500
1723.000000	0.006501
1724.000000	0.006505
1725.000000	0.006505
1726.000000	0.006507
1727.000000	0.006509
1728.000000	0.006513
1729.000000	0.006515
1730.000000	0.006518
1731.000000	0.006522
1732.000000	0.006524
1733.000000	0.006528
1734.000000	0.006531
1735.000000	0.006535
1736.000000	0.006539
1737.000000	0.006541
1738.000000	0.006545
1739.000000	0.006549
1740.000000	0.006550
1741.000000	0.006555
1742.000000	0.006558
1743.000000	0.006562
1744.000000	0.006566
1745.000000	0.006569
1746.000000	0.006573
1747.000000	0.006574
1748.000000	0.006577
1749.000000	0.006584
1750.000000	0.006588
1751.000000	0.006590
1752.000000	0.006594
1753.000000	0.006597
1754.000000	0.006601
1755.000000	0.006604
1756.000000	0.006609
1757.000000	0.006610
1758.000000	0.006614
1759.000000	0.006619
1760.000000	0.006620
1761.000000	0.006626
1762.000000	0.006628
1763.000000	0.006633
1764.000000	0.006634
1765.000000	0.006641
1766.000000	0.006643
1767.000000	0.006642
1768.000000	0.006649
1769.000000	0.006653
1770.000000	0.006656
1771.000000	0.006659
1772.000000	0.006663
1773.000000	0.006666
1774.000000	0.006671
1775.000000	0.006673
1776.000000	0.006676
1777.000000	0.006683
1778.000000	0.006684
1779.000000	0.006684
1780.000000	0.006690
1781.000000	0.006692
1782.000000	0.006696
1783.000000	0.006699
1784.000000	0.006704
1785.000000	0.006706
1786.000000	0.006711
1787.000000	0.006714
1788.000000	0.006718
1789.000000	0.006721
1790.000000	0.006724
1791.000000	0.006727
1792.000000	0.006730
1793.000000	0.006734
1794.000000	0.006738
1795.000000	0.006742
1796.000000	0.006744
1797.000000	0.006748
1798.000000	0.006750
1799.000000	0.006753
1800.000000	0.006757
1801.000000	0.006761
1802.000000	0.006766
1803.000000	0.006767
1804.000000	0.006771
1805.000000	0.006775
1806.000000	0.006777
1807.000000	0.006783
1808.000000	0.006784
1809.000000	0.006788
1810.000000	0.006791
1811.000000	0.006797
1812.000000	0.006798
1813.000000	0.006803
1814.000000	0.006805
1815.000000	0.006810
1816.000000	0.006814
1817.000000	0.006817
1818.000000	0.006820
1819.000000	0.006823
1820.000000	0.006828
1821.000000	0.006829
1822.000000	0.006833
1823.000000	0.006838
1824.000000	0.006839
1825.000000	0.006843
1826.000000	0.006845
1827.000000	0.006849
1828.000000	0.006852
1829.000000	0.006858
1830.000000	0.006859
1831.000000	0.006863
1832.000000	0.006866
1833.000000	0.006869
1834.000000	0.006873
1835.000000	0.006875
1836.000000	0.006881
1837.000000	0.006882
1838.000000	0.006886
1839.000000	0.006888
1840.000000	0.006894
1841.000000	0.006896
1842.000000	0.006899
1843.000000	0.006904
1844.000000	0.006907
1845.000000	0.006910
1846.000000	0.006913
1847.000000	0.006917
1848.000000	0.006919
1849.000000	0.006924
1850.000000	0.006927
1851.000000	0.006929
1852.000000	0.006934
1853.000000	0.006936
1854.000000	0.006941
1855.000000	0.006944
1856.000000	0.006947
1857.000000	0.006950
1858.000000	0.006954
1859.000000	0.006957
1860.000000	0.006958
1861.000000	0.006964
1862.000000	0.006967
1863.000000	0.006972
1864.000000	0.006974
1865.000000	0.006978
1866.000000	0.006977
1867.000000	0.006983
1868.000000	0.006986
1869.000000	0.006991
1870.000000	0.006994
1871.000000	0.006998
1872.000000	0.007000
1873.000000	0.007004
1874.000000	0.007007
1875.000000	0.007010
1876.000000	0.007014
1877.000000	0.007018
1878.000000	0.007021
1879.000000	0.007024
1880.000000	0.007027
1881.000000	0.007031
1882.000000	0.007035
1883.000000	0.007039
1884.000000	0.007040
1885.000000	0.007045
1886.000000	0.007047
1887.000000	0.007051
1888.000000	0.007055
1889.000000	0.007059
1890.000000	0.007061
1891.000000	0.007066
1892.000000	0.007068
1893.000000	0.007074
1894.000000	0.007074
1895.000000	0.007078
1896.000000	0.007081
1897.000000	0.007084
1898.000000	0.007085
1899.000000	0.007090
1900.000000	0.007095
1901.000000	0.007098
1902.000000	0.007100
1903.000000	0.007105
1904.000000	0.007110
1905.000000	0.007109
1906.000000	0.007113
1907.000000	0.007118
1908.000000	0.007121
1909.000000	0.007125
1910.000000	0.007128
1911.000000	0.007131
1912.000000	0.007134
1913.000000	0.007138
1914.000000	0.007141
1915.000000	0.007144
1916.000000	0.007147
1917.000000	0.007152
1918.000000	0.007155
1919.000000	0.007157
1920.000000	0.007163
1921.000000	0.007165
1922.000000	0.007169
1923.000000	0.007170
1924.000000	0.007175
1925.000000	0.007180
1926.000000	0.007181
1927.000000	0.007185
1928.000000	0.007188
1929.000000	0.007189
1930.000000	0.007193
1931.000000	0.007197
1932.000000	0.007202
1933.000000	0.007206
1934.000000	0.007207
1935.000000	0.007211
1936.000000	0.007214
1937.000000	0.007217
1938.000000	0.007220
1939.000000	0.007225
1940.000000	0.007229
1941.000000	0.007231
1942.000000	0.007235
1943.000000	0.007238
1944.000000	0.007242
1945.000000	0.007245
1946.000000	0.007249
1947.000000	0.007254
1948.000000	0.007254
1949.000000	0.007259
1950.000000	0.007259
1951.000000	0.007265
1952.000000	0.007268
1953.000000	0.007271
1954.000000	0.007274
1955.000000	0.007276
1956.000000	0.007282
1957.000000	0.007285
1958.000000	0.007288
1959.000000	0.007292
1960.000000	0.007294
1961.000000	0.007297
1962.000000	0.007302
1963.000000	0.007304
1964.000000	0.007308
1965.000000	0.007310
1966.000000	0.007316
1967.000000	0.007316
1968.000000	0.007322
1969.000000	0.007325
1970.000000	0.007329
1971.000000	0.007331
1972.000000	0.007333
1973.000000	0.007337
1974.000000	0.007341
1975.000000	0.007345
1976.000000	0.007348
1977.000000	0.007350
1978.000000	0.007353
1979.000000	0.007356
1980.000000	0.007359
1981.000000	0.007363
1982.000000	0.007366
1983.000000	0.007368
1984.000000	0.007371
1985.000000	0.007376
1986.000000	0.007378
1987.000000	0.007382
1988.000000	0.007385
1989.000000	0.007389
1990.000000	0.007393
1991.000000	0.007396
1992.000000	0.007400
1993.000000	0.007401
1994.000000	0.007404
1995.000000	0.007407
1996.000000	0.007411
1997.000000	0.007413
1998.000000	0.007416
1999.000000	0.007420
2000.000000	0.007427
2001.000000	0.007428
2002.000000	0.007430
2003.000000	0.007431
2004.000000	0.007436
2005.000000	0.007443
2006.000000	0.007443
2007.000000	0.007449
2008.000000	0.007448
2009.000000	0.007453
2010.000000	0.007456
2011.000000	0.007459
2012.000000	0.007460
2013.000000	0.007464
2014.000000	0.007470
2015.000000	0.007470
2016.000000	0.007475
2017.000000	0.007478
2018.000000	0.007484
2019.000000	0.007485
2020.000000	0.007488
2021.000000	0.007491
2022.000000	0.007496
2023.000000	0.007497
2024.000000	0.007500
2025.000000	0.007504
2026.000000	0.007508
2027.000000	0.007512
2028.000000	0.007514
2029.000000	0.007518
2030.000000	0.007521
2031.000000	0.007524
2032.000000	0.007528
2033.000000	0.007530
2034.000000	0.007534
2035.000000	0.007537
2036.000000	0.007540
2037.000000	0.007545
2038.000000	0.007549
2039.000000	0.007550
2040.000000	0.007555
2041.000000	0.007557
2042.000000	0.007561
2043.000000	0.007564
2044.000000	0.007566
2045.000000	0.007570
2046.000000	0.007573
2047.000000	0.007577
2048.000000	0.007578
2049.000000	0.007583
2050.000000	0.007585
2051.000000	0.007590
2052.000000	0.007592
2053.000000	0.007597
2054.000000	0.007600
2055.000000	0.007600
2056.000000	0.007603
2057.000000	0.007607
2058.000000	0.007611
2059.000000	0.007613
2060.000000	0.007616
2061.000000	0.007621
2062.000000	0.007621
2063.000000	0.007623
2064.000000	0.007630
2065.000000	0.007632
2066.000000	0.007636
2067.000000	0.007640
2068.000000	0.007642
2069.000000	0.007646
2070.000000	0.007649
2071.000000	0.007650
2072.000000	0.007653
2073.000000	0.007658
2074.000000	0.007662
2075.000000	0.007664
2076.000000	0.007667
2077.000000	0.007670
2078.000000	0.007672
2079.000000	0.007674
2080.000000	0.007678
2081.000000	0.007682
2082.000000	0.007685
2083.000000	0.007690
2084.000000	0.007691
2085.000000	0.007696
2086.000000	0.007698
2087.000000	0.007702
2088.000000	0.007705
2089.000000	0.007707
2090.000000	0.007710
2091.000000	0.007715
2092.000000	0.007717
2093.000000	0.007720
2094.000000	0.007726
2095.000000	0.007726
2096.000000	0.007731
2097.000000	0.007734
2098.000000	0.007738
2099.000000	0.007741
2100.000000	0.007743
2101.000000	0.007746
2102.000000	0.007750
2103.000000	0.007751
2104.000000	0.007756
2105.000000	0.007760
2106.000000	0.007763
2107.000000	0.007764
2108.000000	0.007769
2109.000000	0.007772
2110.000000	0.007776
2111.000000	0.007779
2112.000000	0.007781
2113.000000	0.007785
2114.000000	0.007789
2115.000000	0.007791
2116.000000	0.007794
2117.000000	0.007798
2118.000000	0.007801
2119.000000	0.007803
2120.000000	0.007807
2121.000000	0.007809
2122.000000	0.007816
2123.000000	0.007817
2124.000000	0.007820
2125.000000	0.007823
2126.000000	0.007824
2127.000000	0.007828
2128.000000	0.007832
2129.000000	0.007836
2130.000000	0.007839
2131.000000	0.007840
2132.000000	0.007844
2133.000000	0.007847
2134.000000	0.007849
2135.000000	0.007853
2136.000000	0.007856
2137.000000	0.007859
2138.000000	0.007863
2139.000000	0.007867
2140.000000	0.007868
2141.000000	0.007872
2142.000000	0.007876
2143.000000	0.007877
2144.000000	0.007881
2145.000000	0.007882
2146.000000	0.007886
2147.000000	0.007890
2148.000000	0.007891
2149.000000	0.007898
2150.000000	0.007897
2151.000000	0.007901
2152.000000	0.007903
2153.000000	0.007909
2154.000000	0.007910
2155.000000	0.007914
2156.000000	0.007916
2157.000000	0.007919
2158.000000	0.007922
2159.000000	0.007926
2160.000000	0.007929
2161.000000	0.007930
2162.000000	0.007935
2163.000000	0.007936
2164.000000	0.007942
2165.000000	0.007946
2166.000000	0.007946
2167.000000	0.007950
2168.000000	0.007954
2169.000000	0.007957
2170.000000	0.007959
2171.000000	0.007963
2172.000000	0.007967
2173.000000	0.007969
2174.000000	0.007972
2175.000000	0.007973
2176.000000	0.007978
2177.000000	0.007980
2178.000000	0.007984
2179.000000	0.007986
2180.000000	0.007991
2181.000000	0.007992
2182.000000	0.007996
2183.000000	0.008000
2184.000000	0.008004
2185.000000	0.008005
2186.000000	0.008009
2187.000000	0.008012
2188.000000	0.008015
2189.000000	0.008017
2190.000000	0.008021
2191.000000	0.008024
2192.000000	0.008027
2193.000000	0.008031
2194.000000	0.008033
2195.000000	0.008037
2196.000000	0.008040
2197.000000	0.008044
2198.000000	0.008048
2199.000000	0.008049
2200.000000	0.008052
2201.000000	0.008055
2202.000000	0.008060
2203.000000	0.008061
2204.000000	0.008067
2205.000000	0.008069
2206.000000	0.008070
2207.000000	0.008073
2208.000000	0.008078
2209.000000	0.008081
2210.000000	0.008084
2211.000000	0.008086
2212.000000	0.008089
2213.000000	0.008095
2214.000000	0.008096
2215.000000	0.008099
2216.000000	0.008102
2217.000000	0.008106
2218.000000	0.008109
2219.000000	0.008112
2220.000000	0.008114
2221.000000	0.008117
2222.000000	0.008121
2223.000000	0.008125
2224.000000	0.008127
2225.000000	0.008129
2226.000000	0.008133
2227.000000	0.008139
2228.000000	0.008140
2229.000000	0.008145
2230.000000	0.008147
2231.000000	0.008152
2232.000000	0.008152
2233.000000	0.008154
2234.000000	0.008159
2235.000000	0.008162
2236.000000	0.008166
2237.000000	0.008167
2238.000000	0.008173
2239.000000	0.008174
2240.000000	0.008177
2241.000000	0.008181
2242.000000	0.008186
2243.000000	0.008186
2244.000000	0.008189
2245.000000	0.008192
2246.000000	0.008196
2247.000000	0.008201
2248.000000	0.008202
2249.000000	0.008204
2250.000000	0.008209
2251.000000	0.008213
2252.000000	0.008216
2253.000000	0.008217
2254.000000	0.008223
2255.000000	0.008226
2256.000000	0.008227
2257.000000	0.008233
2258.000000	0.008233
2259.000000	0.008238
2260.000000	0.008239
2261.000000	0.008244
2262.000000	0.008248
2263.000000	0.008249
2264.000000	0.008255
2265.000000	0.008256
2266.000000	0.008260
2267.000000	0.008263
2268.000000	0.008266
2269.000000	0.008270
2270.000000	0.008273
2271.000000	0.008275
2272.000000	0.008280
2273.000000	0.008281
2274.000000	0.008285
2275.000000	0.008287
2276.000000	0.008291
2277.000000	0.008293
2278.000000	0.008296
2279.000000	0.008297
2280.000000	0.008303
2281.000000	0.008306
2282.000000	0.008308
2283.000000	0.008312
2284.000000	0.008316
2285.000000	0.008319
2286.000000	0.008322
2287.000000	0.008325
2288.000000	0.008326
2289.000000	0.008331
2290.000000	0.008333
2291.000000	0.008339
2292.000000	0.008340
2293.000000	0.008342
2294.000000	0.008348
2295.000000	0.008350
2296.000000	0.008354
2297.000000	0.008354
2298.000000	0.008359
2299.000000	0.008363
2300.000000	0.008366
2301.000000	0.008369
2302.000000	0.008371
2303.000000	0.008375
2304.000000	0.008376
2305.000000	0.008381
2306.000000	0.008384
2307.000000	0.008387
2308.000000	0.008388
2309.000000	0.008393
2310.000000	0.008395
2311.000000	0.008399
2312.000000	0.008403
2313.000000	0.008405
2314.000000	0.008409
2315.000000	0.008413
2316.000000	0.008414
2317.000000	0.008418
2318.000000	0.008422
2319.000000	0.008423
2320.000000	0.008428
2321.000000	0.008429
2322.000000	0.008432
2323.000000	0.008435
2324.000000	0.008438
2325.000000	0.008441
2326.000000	0.008445
2327.000000	0.008449
2328.000000	0.008453
2329.000000	0.008456
2330.000000	0.008457
2331.000000	0.008461
2332.000000	0.008464
2333.000000	0.008466
2334.000000	0.008470
2335.000000	0.008473
2336.000000	0.008476
2337.000000	0.008481
2338.000000	0.008484
2339.000000	0.008485
2340.000000	0.008489
2341.000000	0.008493
2342.000000	0.008494
2343.000000	0.008497
2344.000000	0.008501
2345.000000	0.008505
2346.000000	0.008507
2347.000000	0.008510
2348.000000	0.008514
2349.000000	0.008515
2350.000000	0.008518
2351.000000	0.008525
2352.000000	0.008526
2353.000000	0.008529
2354.000000	0.008531
2355.000000	0.008534
2356.000000	0.008540
2357.000000	0.008541
2358.000000	0.008545
2359.000000	0.008548
2360.000000	0.008550
2361.000000	0.008555
2362.000000	0.008557
2363.000000	0.008562
2364.000000	0.008563
2365.000000	0.008567
2366.000000	0.008569
2367.000000	0.008573
2368.000000	0.008577
2369.000000	0.008579
2370.000000	0.008583
2371.000000	0.008586
2372.000000	0.008589
2373.000000	0.008593
2374.000000	0.008595
2375.000000	0.008598
2376.000000	0.008601
2377.000000	0.008604
2378.000000	0.008607
2379.000000	0.008612
2380.000000	0.008615
2381.000000	0.008619
2382.000000	0.008620
2383.000000	0.008625
2384.000000	0.008627
2385.000000	0.008631
2386.000000	0.008635
2387.000000	0.008635
2388.000000	0.008640
2389.000000	0.008643
2390.000000	0.008645
2391.000000	0.008647
2392.000000	0.008651
2393.000000	0.008656
2394.000000	0.008660
2395.000000	0.008659
2396.000000	0.008664
2397.000000	0.008666
2398.000000	0.008671
2399.000000	0.008672
2400.000000	0.008677
2401.000000	0.008679
2402.000000	0.008682
2403.000000	0.008686
2404.000000	0.008689
2405.000000	0.008691
2406.000000	0.008696
2407.000000	0.008700
2408.000000	0.008702
2409.000000	0.008703
2410.000000	0.008709
2411.000000	0.008710
2412.000000	0.008713
2413.000000	0.008719
2414.000000	0.008718
2415.000000	0.008721
2416.000000	0.008727
2417.000000	0.008728
2418.000000	0.008731
2419.000000	0.008734
2420.000000	0.008738
2421.000000	0.008742
2422.000000	0.008743
2423.000000	0.008748
2424.000000	0.008749
2425.000000	0.008752
2426.000000	0.008756
2427.000000	0.008758
2428.000000	0.008761
2429.000000	0.008766
2430.000000	0.008769
2431.000000	0.008774
2432.000000	0.008774
2433.000000	0.008777
2434.000000	0.008781
2435.000000	0.008782
2436.000000	0.008789
2437.000000	0.008788
2438.000000	0.008793
2439.000000	0.008797
2440.000000	0.008801
2441.000000	0.008803
2442.000000	0.008806
2443.000000	0.008809
2444.000000	0.008813
2445.000000	0.008815
2446.000000	0.008818
2447.000000	0.008819
2448.000000	0.008824
2449.000000	0.008828
2450.000000	0.008832
2451.000000	0.008833
2452.000000	0.008836
2453.000000	0.008841
2454.000000	0.008843
2455.000000	0.008847
2456.000000	0.008851
2457.000000	0.008854
2458.000000	0.008857
2459.000000	0.008861
2460.000000	0.008863
2461.000000	0.008866
2462.000000	0.008869
2463.000000	0.008872
2464.000000	0.008876
2465.000000	0.008876
2466.000000	0.008882
2467.000000	0.008884
2468.000000	0.008888
2469.000000	0.008890
2470.000000	0.008893
2471.000000	0.008897
2472.000000	0.008900
2473.000000	0.008900
2474.000000	0.008906
2475.000000	0.008908
2476.000000	0.008912
2477.000000	0.008913
2478.000000	0.008916
2479.000000	0.008921
2480.000000	0.008924
2481.000000	0.008925
2482.000000	0.008928
2483.000000	0.008933
2484.000000	0.008935
2485.000000	0.008937
2486.000000	0.008942
2487.000000	0.008944
2488.000000	0.008948
2489.000000	0.008952
2490.000000	0.008952
2491.000000	0.008958
2492.000000	0.008960
2493.000000	0.008964
2494.000000	0.008966
2495.000000	0.008969
2496.000000	0.008972
2497.000000	0.008975
2498.000000	0.008978
2499.000000	0.008982
2500.000000	0.008985
2501.000000	0.008988
2502.000000	0.008990
2503.000000	0.008995
2504.000000	0.008995
2505.000000	0.009003
2506.000000	0.009004
2507.000000	0.009006
2508.000000	0.009008
2509.000000	0.009012
2510.000000	0.009015
2511.000000	0.009019
2512.000000	0.009021
2513.000000	0.009024
2514.000000	0.009027
2515.000000	0.009031
2516.000000	0.009034
2517.000000	0.009036
2518.000000	0.009038
2519.000000	0.009043
2520.000000	0.009044
2521.000000	0.009047
2522.000000	0.009052
2523.000000	0.009056
2524.000000	0.009058
2525.000000	0.009064
2526.000000	0.009064
2527.000000	0.009069
2528.000000	0.009070
2529.000000	0.009074
2530.000000	0.009076
2531.000000	0.009079
2532.000000	0.009083
2533.000000	0.009086
2534.000000	0.009089
2535.000000	0.009093
2536.000000	0.009095
2537.000000	0.009098
2538.000000	0.009102
2539.000000	0.009106
2540.000000	0.009106
2541.000000	0.009110
2542.000000	0.009117
2543.000000	0.009117
2544.000000	0.009120
2545.000000	0.009124
2546.000000	0.009125
2547.000000	0.009130
2548.000000	0.009134
2549.000000	0.009135
2550.000000	0.009139
2551.000000	0.009141
2552.000000	0.009145
2553.000000	0.009146
2554.000000	0.009153
2555.000000	0.009154
2556.000000	0.009157
2557.000000	0.009161
2558.000000	0.009163
2559.000000	0.009168
2560.000000	0.009170
2561.000000	0.009173
2562.000000	0.009176
2563.000000	0.009181
2564.000000	0.009180
2565.000000	0.009185
2566.000000	0.009189
2567.000000	0.009190
2568.000000	0.009195
2569.000000	0.009198
2570.000000	0.009199
2571.000000	0.009204
2572.000000	0.009208
2573.000000	0.009209
2574.000000	0.009213
2575.000000	0.009216
2576.000000	0.009218
2577.000000	0.009222
2578.000000	0.009226
2579.000000	0.009228
2580.000000	0.009231
2581.000000	0.009234
2582.000000	0.009238
2583.000000	0.009240
2584.000000	0.009243
2585.000000	0.009246
2586.000000	0.009251
2587.000000	0.009252
2588.000000	0.009256
2589.000000	0.009258
2590.000000	0.009263
2591.000000	0.009264
2592.000000	0.009269
2593.000000	0.009270
2594.000000	0.009273
2595.000000	0.009276
2596.000000	0.009279
2597.000000	0.009283
2598.000000	0.009285
2599.000000	0.009290
2600.000000	0.009292
2601.000000	0.009295
2602.000000	0.009299
2603.000000	0.009301
2604.000000	0.009303
2605.000000	0.009306
2606.000000	0.009309
2607.000000	0.009313
2608.000000	0.009315
2609.000000	0.009319
2610.000000	0.009321
2611.000000	0.009323
2612.000000	0.009328
2613.000000	0.009328
2614.000000	0.009333
2615.000000	0.009336
2616.000000	0.009338
2617.000000	0.009343
2618.000000	0.009345
2619.000000	0.009348
2620.000000	0.009350
2621.000000	0.009352
2622.000000	0.009358
2623.000000	0.009359
2624.000000	0.009361
2625.000000	0.009363
2626.000000	0.009368
2627.000000	0.009369
2628.000000	0.009375
2629.000000	0.009375
2630.000000	0.009379
2631.000000	0.009381
2632.000000	0.009385
2633.000000	0.009387
2634.000000	0.009389
2635.000000	0.009393
2636.000000	0.009398
2637.000000	0.009401
2638.000000	0.009402
2639.000000	0.009407
2640.000000	0.009409
2641.000000	0.009410
2642.000000	0.009413
2643.000000	0.009415
2644.000000	0.009420
2645.000000	0.009421
2646.000000	0.009427
2647.000000	0.009431
2648.000000	0.009432
2649.000000	0.009433
2650.000000	0.009436
2651.000000	0.009440
2652.000000	0.009442
2653.000000	0.009445
2654.000000	0.009447
2655.000000	0.009452
2656.000000	0.009455
2657.000000	0.009456
2658.000000	0.009459
2659.000000	0.009462
2660.000000	0.009465
2661.000000	0.009467
2662.000000	0.009472
2663.000000	0.009474
2664.000000	0.009476
2665.000000	0.009479
2666.000000	0.009480
2667.000000	0.009484
2668.000000	0.009488
2669.000000	0.009491
2670.000000	0.009494
2671.000000	0.009496
2672.000000	0.009499
2673.000000	0.009502
2674.000000	0.009504
2675.000000	0.009511
2676.000000	0.009512
2677.000000	0.009515
2678.000000	0.009518
2679.000000	0.009519
2680.000000	0.009523
2681.000000	0.009528
2682.000000	0.009527
2683.000000	0.009531
2684.000000	0.009534
2685.000000	0.009538
2686.000000	0.009541
2687.000000	0.009542
2688.000000	0.009545
2689.000000	0.009547
2690.000000	0.009552
2691.000000	0.009555
2692.000000	0.009556
2693.000000	0.009560
2694.000000	0.009562
2695.000000	0.009566
2696.000000	0.009569
2697.000000	0.009571
2698.000000	0.009573
2699.000000	0.009578
2700.000000	0.009580
2701.000000	0.009582
2702.000000	0.009584
2703.000000	0.009587
2704.000000	0.009590
2705.000000	0.009592
2706.000000	0.009597
2707.000000	0.009599
2708.000000	0.009602
2709.000000	0.009603
2710.000000	0.009606
2711.000000	0.009609
2712.000000	0.009610
2713.000000	0.009615
2714.000000	0.009618
2715.000000	0.009622
2716.000000	0.009623
2717.000000	0.009626
2718.000000	0.009630
2719.000000	0.009633
2720.000000	0.009634
2721.000000	0.009636
2722.000000	0.009640
2723.000000	0.009643
2724.000000	0.009646
2725.000000	0.009649
2726.000000	0.009651
2727.000000	0.009654
2728.000000	0.009655
2729.000000	0.009660
2730.000000	0.009663
2731.000000	0.009665
2732.000000	0.009667
2733.000000	0.009672
2734.000000	0.009674
2735.000000	0.009675
2736.000000	0.009679
2737.000000	0.009683
2738.000000	0.009686
2739.000000	0.009688
2740.000000	0.009691
2741.000000	0.009695
2742.000000	0.009697
2743.000000	0.009700
2744.000000	0.009702
2745.000000	0.009705
2746.000000	0.009708
2747.000000	0.009710
2748.000000	0.009714
2749.000000	0.009716
2750.000000	0.009718
2751.000000	0.009723
2752.000000	0.009724
2753.000000	0.009728
2754.000000	0.009729
2755.000000	0.009733
2756.000000	0.009734
2757.000000	0.009737
2758.000000	0.009742
2759.000000	0.009743
2760.000000	0.009745
2761.000000	0.009750
2762.000000	0.009751
2763.000000	0.009755
2764.000000	0.009758
2765.000000	0.009761
2766.000000	0.009765
2767.000000	0.009766
2768.000000	0.009769
2769.000000	0.009770
2770.000000	0.009775
2771.000000	0.009779
2772.000000	0.009781
2773.000000	0.009784
2774.000000	0.009787
2775.000000	0.009789
2776.000000	0.009792
2777.000000	0.009795
2778.000000	0.009797
2779.000000	0.009801
2780.000000	0.009805
2781.000000	0.009807
2782.000000	0.009810
2783.000000	0.009811
2784.000000	0.009814
2785.000000	0.009820
2786.000000	0.009820
2787.000000	0.009823
2788.000000	0.009826
2789.000000	0.009828
2790.000000	0.009833
2791.000000	0.009833
2792.000000	0.009836
2793.000000	0.009839
2794.000000	0.009842
2795.000000	0.009845
2796.000000	0.009849
2797.000000	0.009851
2798.000000	0.009855
2799.000000	0.009856
2800.000000	0.009858
2801.000000	0.009863
2802.000000	0.009864
2803.000000	0.009868
2804.000000	0.009870
2805.000000	0.009873
2806.000000	0.009873
2807.000000	0.009878
2808.000000	0.009879
2809.000000	0.009884
2810.000000	0.009887
2811.000000	0.009889
2812.000000	0.009892
2813.000000	0.009893
2814.000000	0.009896
2815.000000	0.009899
2816.000000	0.009903
2817.000000	0.009904
2818.000000	0.009908
2819.000000	0.009909
2820.000000	0.009912
2821.000000	0.009915
2822.000000	0.009918
2823.000000	0.009922
2824.000000	0.009925
2825.000000	0.009926
2826.000000	0.009930
2827.000000	0.009931
2828.000000	0.009935
2829.000000	0.009938
2830.000000	0.009941
2831.000000	0.009943
2832.000000	0.009947
2833.000000	0.009947
2834.000000	0.009951
2835.000000	0.009954
2836.000000	0.009957
2837.000000	0.009957
2838.000000	0.009961
2839.000000	0.009964
2840.000000	0.009969
2841.000000	0.009974
2842.000000	0.009973
2843.000000	0.009977
2844.000000	0.009979
2845.000000	0.009983
2846.000000	0.009986
2847.000000	0.009987
2848.000000	0.009989
2849.000000	0.009992
2850.000000	0.009995
2851.000000	0.010000
2852.000000	0.010000
2853.000000	0.010005
2854.000000	0.010006
2855.000000	0.010010
2856.000000	0.010012
2857.000000	0.010015
2858.000000	0.010018
2859.000000	0.010021
2860.000000	0.010023
2861.000000	0.010024
2862.000000	0.010028
2863.000000	0.010032
2864.000000	0.010032
2865.000000	0.010038
2866.000000	0.010039
2867.000000	0.010041
2868.000000	0.010044
2869.000000	0.010048
2870.000000	0.010051
2871.000000	0.010054
2872.000000	0.010056
2873.000000	0.010060
2874.000000	0.010061
2875.000000	0.010064
2876.000000	0.010066
2877.000000	0.010069
2878.000000	0.010072
2879.000000	0.010074
2880.000000	0.010076
2881.000000	0.010079
2882.000000	0.010084
2883.000000	0.010086
2884.000000	0.010087
2885.000000	0.010090
2886.000000	0.010094
2887.000000	0.010096
2888.000000	0.010098
2889.000000	0.010101
2890.000000	0.010103
2891.000000	0.010105
2892.000000	0.010111
2893.000000	0.010111
2894.000000	0.010113
2895.000000	0.010117
2896.000000	0.010119
2897.000000	0.010123
2898.000000	0.010126
2899.000000	0.010128
2900.000000	0.010130
2901.000000	0.010134
2902.000000	0.010135
2903.000000	0.010138
2904.000000	0.010140
2905.000000	0.010142
2906.000000	0.010147
2907.000000	0.010148
2908.000000	0.010151
2909.000000	0.010154
2910.000000	0.010158
2911.000000	0.010159
2912.000000	0.010163
2913.000000	0.010165
2914.000000	0.010167
2915.000000	0.010169
2916.000000	0.010172
2917.000000	0.010175
2918.000000	0.010178
2919.000000	0.010181
2920.000000	0.010182
2921.000000	0.010185
2922.000000	0.010188
2923.000000	0.010191
2924.000000	0.010194
2925.000000	0.010196
2926.000000	0.010199
2927.000000	0.010204
2928.000000	0.010205
2929.000000	0.010209
2930.000000	0.010213
2931.000000	0.010215
2932.000000	0.010221
2933.000000	0.010222
2934.000000	0.010221
2935.000000	0.010228
2936.000000	0.010231
2937.000000	0.010237
2938.000000	0.010238
2939.000000	0.010242
2940.000000	0.010242
2941.000000	0.010248
2942.000000	0.010250
2943.000000	0.010254
2944.000000	0.010260
2945.000000	0.010262
2946.000000	0.010263
2947.000000	0.010266
2948.000000	0.010271
2949.000000	0.010272
2950.000000	0.010275
2951.000000	0.010278
2952.000000	0.010282
2953.000000	0.010284
2954.000000	0.010287
2955.000000	0.010293
2956.000000	0.010294
2957.000000	0.010298
2958.000000	0.010302
2959.000000	0.010303
2960.000000	0.010307
2961.000000	0.010311
2962.000000	0.010314
2963.000000	0.010317
2964.000000	0.010322
2965.000000	0.010322
2966.000000	0.010325
2967.000000	0.010329
2968.000000	0.010333
2969.000000	0.010335
2970.000000	0.010340
2971.000000	0.010343
2972.000000	0.010346
2973.000000	0.010349
2974.000000	0.010350
2975.000000	0.010353
2976.000000	0.010358
2977.000000	0.010360
2978.000000	0.010364
2979.000000	0.010366
2980.000000	0.010370
2981.000000	0.010379
2982.000000	0.010376
2983.000000	0.010381
2984.000000	0.010382
2985.000000	0.010386
2986.000000	0.010390
2987.000000	0.010394
2988.000000	0.010395
2989.000000	0.010398
2990.000000	0.010404
2991.000000	0.010406
2992.000000	0.010409
2993.000000	0.010413
2994.000000	0.010417
2995.000000	0.010418
2996.000000	0.010420
2997.000000	0.010426
2998.000000	0.010428
2999.000000	0.010432
3000.000000	0.010435
3001.000000	0.010438
3002.000000	0.010442
3003.000000	0.010443
3004.000000	0.010446
3005.000000	0.010452
3006.000000	0.010454
3007.000000	0.010456
3008.000000	0.010459
3009.000000	0.010461
3010.000000	0.010467
3011.000000	0.010471
3012.000000	0.010473
3013.000000	0.010474
3014.000000	0.010478
3015.000000	0.010483
3016.000000	0.010486
3017.000000	0.010489
3018.000000	0.010491
3019.000000	0.010494
3020.000000	0.010497
3021.000000	0.010500
3022.000000	0.010505
3023.000000	0.010505
3024.000000	0.010512
3025.000000	0.010512
3026.000000	0.010518
3027.000000	0.010523
3028.000000	0.010524
3029.000000	0.010527
3030.000000	0.010531
3031.000000	0.010533
3032.000000	0.010535
3033.000000	0.010541
3034.000000	0.010541
3035.000000	0.010547
3036.000000	0.010550
3037.000000	0.010552
3038.000000	0.010555
3039.000000	0.010558
3040.000000	0.010563
3041.000000	0.010564
3042.000000	0.010567
3043.000000	0.010572
3044.000000	0.010573
3045.000000	0.010576
3046.000000	0.010580
3047.000000	0.010585
3048.000000	0.010586
3049.000000	0.010592
3050.000000	0.010594
3051.000000	0.010594
3052.000000	0.010600
3053.000000	0.010602
3054.000000	0.010608
3055.000000	0.010611
3056.000000	0.010611
3057.000000	0.010614
3058.000000	0.010618
3059.000000	0.010621
3060.000000	0.010625
3061.000000	0.010625
3062.000000	0.010632
3063.000000	0.010633
3064.000000	0.010634
3065.000000	0.010638
3066.000000	0.010644
3067.000000	0.010644
3068.000000	0.010649
3069.000000	0.010652
3070.000000	0.010659
3071.000000	0.010661
3072.000000	0.010660
3073.000000	0.010665
3074.000000	0.010668
3075.000000	0.010673
3076.000000	0.010674
3077.000000	0.010678
3078.000000	0.010679
3079.000000	0.010682
3080.000000	0.010688
3081.000000	0.010691
3082.000000	0.010692
