0.000000	1.997935
1.000000	1.997970
2.000000	1.999059
3.000000	2.000845
4.000000	2.001351
5.000000	2.003007
6.000000	2.010178
7.000000	2.018173
8.000000	2.025987
9.000000	2.033956
10.000000	2.041591
11.000000	2.049279
12.000000	2.057026
13.000000	2.064856
14.000000	2.072419
15.000000	2.080033
16.000000	2.087698
17.000000	2.095336
18.000000	2.102598
19.000000	2.110019
20.000000	2.117719
21.000000	2.125216
22.000000	2.132768
23.000000	2.140049
24.000000	2.147386
25.000000	2.155025
26.000000	2.162149
27.000000	2.169417
28.000000	2.177002
29.000000	2.184445
30.000000	2.191625
31.000000	2.199041
32.000000	2.206444
33.000000	2.213603
34.000000	2.220767
35.000000	2.228035
36.000000	2.235255
37.000000	2.242471
38.000000	2.249934
39.000000	2.256873
40.000000	2.264053
41.000000	2.271354
42.000000	2.278568
43.000000	2.285559
44.000000	2.292959
45.000000	2.299776
46.000000	2.307050
47.000000	2.314075
48.000000	2.321123
49.000000	2.328318
50.000000	2.335290
51.000000	2.342438
52.000000	2.349402
53.000000	2.356431
54.000000	2.363668
55.000000	2.370625
56.000000	2.377734
57.000000	2.384773
58.000000	2.391674
59.000000	2.398609
60.000000	2.405562
61.000000	2.412728
62.000000	2.419459
63.000000	2.426471
64.000000	2.433388
65.000000	2.440376
66.000000	2.447231
67.000000	2.454034
68.000000	2.460987
69.000000	2.467878
70.000000	2.474808
71.000000	2.481600
72.000000	2.488350
73.000000	2.495291
74.000000	2.502084
75.000000	2.509020
76.000000	2.515925
77.000000	2.522420
78.000000	2.529258
79.000000	2.536215
80.000000	2.542859
81.000000	2.549618
82.000000	2.556340
83.000000	2.563233
84.000000	2.569857
85.000000	2.576729
86.000000	2.583533
87.000000	2.590190
88.000000	2.597080
89.000000	2.603364
90.000000	2.610271
91.000000	2.616882
92.000000	2.623739
93.000000	2.630353
94.000000	2.637076
95.000000	2.643688
96.000000	2.650386
97.000000	2.656928
98.000000	2.663502
99.000000	2.670139
100.000000	2.676747
101.000000	2.683253
102.000000	2.690087
103.000000	2.696498
104.000000	2.702984
105.000000	2.709772
106.000000	2.716124
107.000000	2.722863
108.000000	2.729431
109.000000	2.735767
110.000000	2.742328
111.000000	2.745659
112.000000	2.748577
113.000000	2.751868
114.000000	2.754847
115.000000	2.757981
116.000000	2.760981
117.000000	2.764126
118.000000	2.767182
119.000000	2.770224
120.000000	2.773288
121.000000	2.776405
122.000000	2.779393
123.000000	2.782378
124.000000	2.785482
125.000000	2.788521
126.000000	2.791491
127.000000	2.794570
128.000000	2.797526
129.000000	2.800658
130.000000	2.803704
131.000000	2.806669
132.000000	2.809668
133.000000	2.812722
134.000000	2.815669
135.000000	2.818735
136.000000	2.821694
137.000000	2.824608
138.000000	2.827600
139.000000	2.830652
140.000000	2.833734
141.000000	2.836638
142.000000	2.839535
143.000000	2.842532
144.000000	2.845489
145.000000	2.848415
146.000000	2.851466
147.000000	2.854514
148.000000	2.857334
149.000000	2.860346
150.000000	2.863342
151.000000	2.866216
152.000000	2.869092
153.000000	2.872157
154.000000	2.875057
155.000000	2.877995
156.000000	2.880964
157.000000	2.883804
158.000000	2.886747
159.000000	2.889724
160.000000	2.892636
161.000000	2.895497
162.000000	2.898418
163.000000	2.901317
164.000000	2.904189
165.000000	2.907149
166.000000	2.909994
167.000000	2.912983
168.000000	2.915838
169.000000	2.918708
170.000000	2.921542
171.000000	2.924418
172.000000	2.927359
173.000000	2.930234
174.000000	2.933105
175.000000	2.935870
176.000000	2.938783
177.000000	2.941673
178.000000	2.944546
179.000000	2.947474
180.000000	2.950113
181.000000	2.953153
182.000000	2.955979
183.000000	2.958817
184.000000	2.961660
185.000000	2.964477
186.000000	2.967370
187.000000	2.970181
188.000000	2.973088
189.000000	2.975873
190.000000	2.978663
191.000000	2.981550
192.000000	2.984270
193.000000	2.987232
194.000000	2.990000
195.000000	2.992775
196.000000	2.995555
197.000000	2.998475
198.000000	3.001170
199.000000	3.004037
200.000000	3.006839
201.000000	3.009651
202.000000	3.012411
203.000000	3.015227
204.000000	3.017950
205.000000	3.020786
206.000000	3.023530
207.000000	3.026335
208.000000	3.029109
209.000000	3.031901
210.000000	3.034629
211.000000	3.037391
212.000000	3.040082
213.000000	3.042972
214.000000	3.045632
215.000000	3.048435
216.000000	3.051130
217.000000	3.053925
218.000000	3.056715
219.000000	3.059549
220.000000	3.062210
221.000000	3.064868
222.000000	3.067782
223.000000	3.070408
224.000000	3.073146
225.000000	3.075884
226.000000	3.078563
227.000000	3.081240
228.000000	3.084089
229.000000	3.086833
230.000000	3.089514
231.000000	3.092256
232.000000	3.094895
233.000000	3.097707
234.000000	3.100375
235.000000	3.103050
236.000000	3.105773
237.000000	3.108635
238.000000	3.111190
