0.000000	0.000000
1.000000	0.000000
2.000000	0.000000
3.000000	0.000014
4.000000	0.000016
5.000000	0.000023
6.000000	0.000055
7.000000	0.000090
8.000000	0.000125
9.000000	0.000160
10.000000	0.000194
11.000000	0.000228
12.000000	0.000286
13.000000	0.000347
14.000000	0.000406
15.000000	0.000465
16.000000	0.000525
17.000000	0.000585
18.000000	0.000640
19.000000	0.000695
20.000000	0.000752
21.000000	0.000807
22.000000	0.000863
23.000000	0.000917
24.000000	0.000971
25.000000	0.001028
26.000000	0.001080
27.000000	0.001134
28.000000	0.001190
29.000000	0.001245
30.000000	0.001298
31.000000	0.001353
32.000000	0.001412
33.000000	0.001470
34.000000	0.001527
35.000000	0.001586
36.000000	0.001644
37.000000	0.001702
38.000000	0.001762
39.000000	0.001818
40.000000	0.001876
41.000000	0.001934
42.000000	0.001992
43.000000	0.002049
44.000000	0.002108
45.000000	0.002163
46.000000	0.002222
47.000000	0.002278
48.000000	0.002335
49.000000	0.002393
50.000000	0.002449
51.000000	0.002507
52.000000	0.002563
53.000000	0.002619
54.000000	0.002678
55.000000	0.002734
56.000000	0.002791
57.000000	0.002847
58.000000	0.002903
59.000000	0.002959
60.000000	0.003016
61.000000	0.003074
62.000000	0.003130
63.000000	0.003187
64.000000	0.003244
65.000000	0.003301
66.000000	0.003357
67.000000	0.003413
68.000000	0.003470
69.000000	0.003527
70.000000	0.003583
71.000000	0.003639
72.000000	0.003694
73.000000	0.003751
74.000000	0.003807
75.000000	0.003864
76.000000	0.003921
77.000000	0.003974
78.000000	0.004030
79.000000	0.004087
80.000000	0.004141
81.000000	0.004197
82.000000	0.004252
83.000000	0.004309
84.000000	0.004363
85.000000	0.004419
86.000000	0.004475
87.000000	0.004530
88.000000	0.004586
89.000000	0.004642
90.000000	0.004708
91.000000	0.004770
92.000000	0.004836
93.000000	0.004898
94.000000	0.004962
95.000000	0.005025
96.000000	0.005089
97.000000	0.005151
98.000000	0.005213
99.000000	0.005276
100.000000	0.005339
101.000000	0.005401
102.000000	0.005466
103.000000	0.005527
104.000000	0.005588
105.000000	0.005653
106.000000	0.005713
107.000000	0.005777
108.000000	0.005840
109.000000	0.005900
110.000000	0.005962
111.000000	0.005994
112.000000	0.006021
113.000000	0.006053
114.000000	0.006081
115.000000	0.006111
116.000000	0.006139
117.000000	0.006169
118.000000	0.006198
119.000000	0.006227
120.000000	0.006256
121.000000	0.006286
122.000000	0.006314
123.000000	0.006343
124.000000	0.006372
125.000000	0.006401
126.000000	0.006429
127.000000	0.006458
128.000000	0.006487
129.000000	0.006522
130.000000	0.006578
131.000000	0.006633
132.000000	0.006688
133.000000	0.006745
134.000000	0.006799
135.000000	0.006856
136.000000	0.006910
137.000000	0.006964
138.000000	0.007019
139.000000	0.007076
140.000000	0.007132
141.000000	0.007186
142.000000	0.007239
143.000000	0.007295
144.000000	0.007349
145.000000	0.007403
146.000000	0.007460
147.000000	0.007516
148.000000	0.007568
149.000000	0.007623
150.000000	0.007679
151.000000	0.007732
152.000000	0.007785
153.000000	0.007841
154.000000	0.007895
155.000000	0.007949
156.000000	0.008004
157.000000	0.008056
158.000000	0.008110
159.000000	0.008165
160.000000	0.008219
161.000000	0.008272
162.000000	0.008326
163.000000	0.008379
164.000000	0.008432
165.000000	0.008487
166.000000	0.008539
167.000000	0.008595
168.000000	0.008647
169.000000	0.008700
170.000000	0.008752
171.000000	0.008806
172.000000	0.008860
173.000000	0.008913
174.000000	0.008966
175.000000	0.009017
176.000000	0.009071
177.000000	0.009124
178.000000	0.009177
179.000000	0.009231
180.000000	0.009280
181.000000	0.009336
182.000000	0.009388
183.000000	0.009440
184.000000	0.009493
185.000000	0.009545
186.000000	0.009598
187.000000	0.009650
188.000000	0.009703
189.000000	0.009755
190.000000	0.009806
191.000000	0.009860
192.000000	0.009910
193.000000	0.009964
194.000000	0.010015
195.000000	0.010067
196.000000	0.010118
197.000000	0.010172
198.000000	0.010226
199.000000	0.010291
200.000000	0.010354
201.000000	0.010417
202.000000	0.010479
203.000000	0.010543
204.000000	0.010604
205.000000	0.010668
206.000000	0.010729
207.000000	0.010793
208.000000	0.010855
209.000000	0.010918
210.000000	0.010979
211.000000	0.011041
212.000000	0.011102
213.000000	0.011167
214.000000	0.011227
215.000000	0.011290
216.000000	0.011350
217.000000	0.011413
218.000000	0.011476
219.000000	0.011540
220.000000	0.011600
221.000000	0.011660
222.000000	0.011725
223.000000	0.011784
224.000000	0.011846
225.000000	0.011907
226.000000	0.011968
227.000000	0.012028
228.000000	0.012092
229.000000	0.012154
230.000000	0.012214
231.000000	0.012276
232.000000	0.012335
233.000000	0.012398
234.000000	0.012458
235.000000	0.012519
236.000000	0.012580
237.000000	0.012644
238.000000	0.012702
