0.000000	1.997261
1.000000	1.997504
2.000000	1.999000
3.000000	2.000109
4.000000	2.000287
5.000000	2.004183
6.000000	2.020572
7.000000	2.067873
8.000000	2.117570
9.000000	2.167419
10.000000	2.216345
11.000000	2.265144
12.000000	2.313706
13.000000	2.361557
14.000000	2.409011
15.000000	2.456230
16.000000	2.502517
17.000000	2.549022
18.000000	2.594826
19.000000	2.640243
20.000000	2.685503
21.000000	2.730195
22.000000	2.758040
23.000000	2.778888
24.000000	2.799563
25.000000	2.820183
26.000000	2.840628
27.000000	2.860839
28.000000	2.881102
29.000000	2.901109
30.000000	2.920947
31.000000	2.940657
32.000000	2.960289
33.000000	2.979688
34.000000	2.999161
35.000000	3.018212
36.000000	3.037364
37.000000	3.056421
38.000000	3.075346
39.000000	3.093994
40.000000	3.112639
41.000000	3.131176
42.000000	3.149631
43.000000	3.167870
44.000000	3.186117
45.000000	3.204298
46.000000	3.222153
47.000000	3.240100
48.000000	3.257957
49.000000	3.275684
50.000000	3.296186
51.000000	3.310862
52.000000	3.328279
53.000000	3.345611
54.000000	3.362809
55.000000	3.379935
56.000000	3.389869
57.000000	3.396518
58.000000	3.403153
59.000000	3.409763
60.000000	3.416295
61.000000	3.422862
62.000000	3.429415
63.000000	3.435862
64.000000	3.442373
65.000000	3.448732
66.000000	3.455152
67.000000	3.461485
68.000000	3.467854
69.000000	3.474132
70.000000	3.480422
71.000000	3.486647
72.000000	3.492924
73.000000	3.499091
74.000000	3.505241
75.000000	3.511373
76.000000	3.517529
77.000000	3.523614
78.000000	3.529651
79.000000	3.535701
80.000000	3.541701
81.000000	3.547657
82.000000	3.553664
83.000000	3.559584
84.000000	3.565483
85.000000	3.571399
86.000000	3.577267
87.000000	3.583118
88.000000	3.588945
89.000000	3.594757
90.000000	3.600518
91.000000	3.606272
92.000000	3.612003
93.000000	3.617705
94.000000	3.623414
95.000000	3.629065
96.000000	3.634746
97.000000	3.640372
98.000000	3.645995
99.000000	3.651567
100.000000	3.657129
101.000000	3.662680
102.000000	3.668194
103.000000	3.673735
104.000000	3.679186
105.000000	3.684617
106.000000	3.690076
107.000000	3.695512
108.000000	3.700950
109.000000	3.706363
110.000000	3.711763
111.000000	3.717092
112.000000	3.722421
113.000000	3.727758
114.000000	3.733087
115.000000	3.738353
116.000000	3.743671
117.000000	3.748859
118.000000	3.754127
119.000000	3.759349
120.000000	3.764552
121.000000	3.769722
122.000000	3.774927
123.000000	3.780071
124.000000	3.785205
125.000000	3.790387
126.000000	3.795446
127.000000	3.800534
128.000000	3.805630
129.000000	3.810678
130.000000	3.815755
131.000000	3.820750
132.000000	3.825766
133.000000	3.830767
134.000000	3.835775
135.000000	3.840743
136.000000	3.845673
137.000000	3.850648
138.000000	3.855582
139.000000	3.860495
140.000000	3.865387
141.000000	3.870267
142.000000	3.875163
143.000000	3.880029
144.000000	3.884865
145.000000	3.889732
146.000000	3.894565
147.000000	3.899361
148.000000	3.904146
149.000000	3.908936
150.000000	3.913656
151.000000	3.918450
152.000000	3.923183
153.000000	3.927923
154.000000	3.932623
155.000000	3.937331
156.000000	3.942013
157.000000	3.946697
158.000000	3.951357
159.000000	3.956051
160.000000	3.960644
161.000000	3.965349
162.000000	3.969939
163.000000	3.974509
164.000000	3.979134
165.000000	3.983733
166.000000	3.988327
167.000000	3.992852
168.000000	3.997420
169.000000	4.001953
170.000000	4.006476
171.000000	4.010996
172.000000	4.015536
173.000000	4.020008
174.000000	4.024483
175.000000	4.028983
176.000000	4.033391
177.000000	4.037914
178.000000	4.042357
179.000000	4.046764
180.000000	4.051189
181.000000	4.055584
182.000000	4.060014
183.000000	4.064394
184.000000	4.068774
185.000000	4.073167
186.000000	4.077487
187.000000	4.081837
188.000000	4.086209
189.000000	4.090564
190.000000	4.094855
191.000000	4.099165
192.000000	4.103462
193.000000	4.107745
194.000000	4.112058
195.000000	4.116286
196.000000	4.120535
197.000000	4.124834
198.000000	4.129079
199.000000	4.133304
200.000000	4.137548
201.000000	4.141777
202.000000	4.145949
203.000000	4.150162
204.000000	4.154372
205.000000	4.158547
206.000000	4.162725
207.000000	4.166862
208.000000	4.171033
209.000000	4.175121
210.000000	4.179335
