0.000000	0.000000
1.000000	0.000000
2.000000	0.000000
3.000000	0.000010
4.000000	0.000011
5.000000	0.000028
6.000000	0.000101
7.000000	0.000370
8.000000	0.000751
9.000000	0.001119
10.000000	0.001492
11.000000	0.001884
12.000000	0.002275
13.000000	0.002661
14.000000	0.003044
15.000000	0.003431
16.000000	0.003811
17.000000	0.004192
18.000000	0.004568
19.000000	0.004992
20.000000	0.005422
21.000000	0.005847
22.000000	0.006111
23.000000	0.006309
24.000000	0.006506
25.000000	0.006882
26.000000	0.007260
27.000000	0.007632
28.000000	0.008006
29.000000	0.008375
30.000000	0.008741
31.000000	0.009105
32.000000	0.009467
33.000000	0.009825
34.000000	0.010185
35.000000	0.010610
36.000000	0.011041
37.000000	0.011469
38.000000	0.011895
39.000000	0.012315
40.000000	0.012734
41.000000	0.013151
42.000000	0.013567
43.000000	0.013977
44.000000	0.014388
45.000000	0.014795
46.000000	0.015187
47.000000	0.015582
48.000000	0.015975
49.000000	0.016365
50.000000	0.016816
51.000000	0.017139
52.000000	0.017522
53.000000	0.017903
54.000000	0.018282
55.000000	0.018659
56.000000	0.018877
57.000000	0.019023
58.000000	0.019264
59.000000	0.019608
60.000000	0.019947
61.000000	0.020289
62.000000	0.020630
63.000000	0.020965
64.000000	0.021303
65.000000	0.021634
66.000000	0.021968
67.000000	0.022297
68.000000	0.022628
69.000000	0.022955
70.000000	0.023282
71.000000	0.023606
72.000000	0.023932
73.000000	0.024253
74.000000	0.024573
75.000000	0.024891
76.000000	0.025211
77.000000	0.025528
78.000000	0.025842
79.000000	0.026156
80.000000	0.026468
81.000000	0.026778
82.000000	0.027091
83.000000	0.027398
84.000000	0.027705
85.000000	0.028013
86.000000	0.028318
87.000000	0.028622
88.000000	0.028925
89.000000	0.029227
90.000000	0.029531
91.000000	0.029879
92.000000	0.030226
93.000000	0.030571
94.000000	0.030917
95.000000	0.031258
96.000000	0.031602
97.000000	0.031943
98.000000	0.032283
99.000000	0.032620
100.000000	0.032956
101.000000	0.033292
102.000000	0.033626
103.000000	0.033961
104.000000	0.034291
105.000000	0.034619
106.000000	0.034950
107.000000	0.035278
108.000000	0.035607
109.000000	0.035935
110.000000	0.036262
111.000000	0.036584
112.000000	0.036906
113.000000	0.037229
114.000000	0.037552
115.000000	0.037870
116.000000	0.038192
117.000000	0.038506
118.000000	0.038825
119.000000	0.039141
120.000000	0.039455
121.000000	0.039768
122.000000	0.040083
123.000000	0.040394
124.000000	0.040705
125.000000	0.041018
126.000000	0.041325
127.000000	0.041639
128.000000	0.042008
129.000000	0.042374
130.000000	0.042742
131.000000	0.043104
132.000000	0.043468
133.000000	0.043831
134.000000	0.044194
135.000000	0.044554
136.000000	0.044911
137.000000	0.045272
138.000000	0.045630
139.000000	0.045986
140.000000	0.046341
141.000000	0.046694
142.000000	0.047049
143.000000	0.047402
144.000000	0.047753
145.000000	0.048106
146.000000	0.048456
147.000000	0.048804
148.000000	0.049151
149.000000	0.049498
150.000000	0.049840
151.000000	0.050188
152.000000	0.050531
153.000000	0.050874
154.000000	0.051215
155.000000	0.051556
156.000000	0.051896
157.000000	0.052236
158.000000	0.052573
159.000000	0.052914
160.000000	0.053247
161.000000	0.053588
162.000000	0.053921
163.000000	0.054252
164.000000	0.054587
165.000000	0.054921
166.000000	0.055254
167.000000	0.055582
168.000000	0.055913
169.000000	0.056255
170.000000	0.056615
171.000000	0.056974
172.000000	0.057335
173.000000	0.057691
174.000000	0.058046
175.000000	0.058404
176.000000	0.058755
177.000000	0.059114
178.000000	0.059467
179.000000	0.059818
180.000000	0.060169
181.000000	0.060519
182.000000	0.060871
183.000000	0.061219
184.000000	0.061568
185.000000	0.061917
186.000000	0.062260
187.000000	0.062606
188.000000	0.062954
189.000000	0.063300
190.000000	0.063641
191.000000	0.063984
192.000000	0.064325
193.000000	0.064666
194.000000	0.065009
195.000000	0.065345
196.000000	0.065683
197.000000	0.066024
198.000000	0.066362
199.000000	0.066698
200.000000	0.067035
201.000000	0.067371
202.000000	0.067703
203.000000	0.068038
204.000000	0.068373
205.000000	0.068704
206.000000	0.069037
207.000000	0.069366
208.000000	0.069697
209.000000	0.070022
210.000000	0.070357
