0.000000	1.999032
1.000000	1.999845
1.000000	2.000526
2.000000	2.004883
3.000000	2.009717
4.000000	2.014345
5.000000	2.019039
6.000000	2.023410
7.000000	2.028052
8.000000	2.032562
9.000000	2.036980
10.000000	2.041333
11.000000	2.045756
12.000000	2.049966
13.000000	2.054323
14.000000	2.058806
15.000000	2.062850
16.000000	2.067269
17.000000	2.071183
18.000000	2.075729
19.000000	2.079878
20.000000	2.083905
21.000000	2.088242
22.000000	2.092316
23.000000	2.096729
24.000000	2.100496
25.000000	2.104705
26.000000	2.108946
27.000000	2.113021
28.000000	2.117260
29.000000	2.121275
30.000000	2.125561
31.000000	2.129538
32.000000	2.133767
33.000000	2.137620
34.000000	2.141644
35.000000	2.145875
36.000000	2.149778
37.000000	2.153822
38.000000	2.157968
39.000000	2.161861
40.000000	2.166021
41.000000	2.169984
42.000000	2.174055
43.000000	2.177865
44.000000	2.182134
45.000000	2.186161
46.000000	2.189998
47.000000	2.193998
48.000000	2.198026
49.000000	2.201905
50.000000	2.205983
51.000000	2.209928
52.000000	2.213974
53.000000	2.217898
54.000000	2.221694
55.000000	2.225529
56.000000	2.229750
57.000000	2.233738
58.000000	2.237566
59.000000	2.241704
60.000000	2.245408
61.000000	2.249079
62.000000	2.253464
63.000000	2.257246
64.000000	2.261118
65.000000	2.264912
66.000000	2.268756
67.000000	2.272773
68.000000	2.276450
69.000000	2.280570
70.000000	2.284201
71.000000	2.288244
72.000000	2.292103
73.000000	2.295984
74.000000	2.300095
75.000000	2.303822
76.000000	2.307559
77.000000	2.311454
78.000000	2.315368
79.000000	2.319322
80.000000	2.322976
81.000000	2.327082
82.000000	2.330667
83.000000	2.334596
84.000000	2.338401
85.000000	2.342329
86.000000	2.346021
87.000000	2.349895
88.000000	2.353652
89.000000	2.357485
90.000000	2.361263
91.000000	2.365179
92.000000	2.368718
93.000000	2.372745
94.000000	2.376532
95.000000	2.380140
96.000000	2.384150
97.000000	2.387630
98.000000	2.391582
99.000000	2.395492
100.000000	2.399165
101.000000	2.402770
102.000000	2.406617
103.000000	2.410595
104.000000	2.414077
105.000000	2.417784
106.000000	2.421562
107.000000	2.425283
108.000000	2.428981
109.000000	2.432853
110.000000	2.436446
111.000000	2.440384
112.000000	2.443861
113.000000	2.447709
114.000000	2.451388
115.000000	2.455207
116.000000	2.458652
117.000000	2.462484
118.000000	2.466255
119.000000	2.470081
120.000000	2.473655
121.000000	2.477356
122.000000	2.481135
123.000000	2.484692
124.000000	2.488518
125.000000	2.492111
126.000000	2.495890
127.000000	2.499559
128.000000	2.503083
129.000000	2.506840
130.000000	2.510399
131.000000	2.513994
132.000000	2.517603
133.000000	2.521502
134.000000	2.525164
135.000000	2.528684
136.000000	2.532284
137.000000	2.535964
138.000000	2.539618
139.000000	2.543160
140.000000	2.546993
141.000000	2.550764
142.000000	2.554227
143.000000	2.557879
144.000000	2.561485
145.000000	2.565153
146.000000	2.568579
147.000000	2.572211
148.000000	2.575851
149.000000	2.579299
150.000000	2.583079
151.000000	2.586718
152.000000	2.590232
153.000000	2.593825
154.000000	2.597483
155.000000	2.601118
156.000000	2.604648
157.000000	2.608279
158.000000	2.611763
159.000000	2.615174
160.000000	2.619075
161.000000	2.622513
162.000000	2.626107
163.000000	2.629654
164.000000	2.633078
165.000000	2.637059
166.000000	2.640385
167.000000	2.644012
168.000000	2.647536
169.000000	2.650968
170.000000	2.654592
171.000000	2.658099
172.000000	2.661850
173.000000	2.665420
174.000000	2.668872
175.000000	2.672163
176.000000	2.675744
177.000000	2.679139
178.000000	2.682920
179.000000	2.686408
180.000000	2.689863
181.000000	2.693355
182.000000	2.696809
183.000000	2.700420
184.000000	2.703928
185.000000	2.707539
186.000000	2.711125
187.000000	2.714434
188.000000	2.718064
189.000000	2.721415
190.000000	2.724962
191.000000	2.728430
192.000000	2.731981
193.000000	2.735304
194.000000	2.738884
195.000000	2.742372
196.000000	2.744125
197.000000	2.745756
198.000000	2.747468
199.000000	2.749116
200.000000	2.750801
201.000000	2.752352
202.000000	2.754034
203.000000	2.755778
204.000000	2.757264
205.000000	2.758946
206.000000	2.760607
207.000000	2.762119
208.000000	2.763813
209.000000	2.765432
210.000000	2.767144
211.000000	2.768819
212.000000	2.770391
213.000000	2.772008
214.000000	2.773659
215.000000	2.775286
216.000000	2.776898
217.000000	2.778390
218.000000	2.780168
219.000000	2.781801
220.000000	2.783345
221.000000	2.784999
222.000000	2.786623
223.000000	2.788221
224.000000	2.789774
225.000000	2.791556
226.000000	2.793027
227.000000	2.794662
228.000000	2.796293
229.000000	2.797991
230.000000	2.799471
231.000000	2.801008
232.000000	2.802675
233.000000	2.804285
234.000000	2.805981
235.000000	2.807507
236.000000	2.808980
237.000000	2.810601
238.000000	2.812166
239.000000	2.813877
240.000000	2.815390
241.000000	2.817058
242.000000	2.818691
243.000000	2.820288
244.000000	2.821728
245.000000	2.823422
246.000000	2.824971
247.000000	2.826629
248.000000	2.828126
249.000000	2.829648
250.000000	2.831371
251.000000	2.832879
252.000000	2.834466
253.000000	2.836080
254.000000	2.837574
255.000000	2.839245
256.000000	2.840769
257.000000	2.842249
258.000000	2.843999
259.000000	2.845451
260.000000	2.846995
261.000000	2.848578
262.000000	2.850066
263.000000	2.851737
264.000000	2.853223
265.000000	2.854839
266.000000	2.856466
267.000000	2.858034
268.000000	2.859587
269.000000	2.861089
270.000000	2.862600
271.000000	2.864212
272.000000	2.865742
273.000000	2.867338
274.000000	2.868809
275.000000	2.870419
276.000000	2.871949
277.000000	2.873550
278.000000	2.875203
279.000000	2.876532
280.000000	2.878287
281.000000	2.879689
282.000000	2.881303
283.000000	2.882831
284.000000	2.884383
285.000000	2.885937
286.000000	2.887523
287.000000	2.888957
288.000000	2.890535
289.000000	2.892051
290.000000	2.893636
291.000000	2.895084
292.000000	2.896624
293.000000	2.898213
294.000000	2.899709
295.000000	2.901332
296.000000	2.902744
297.000000	2.904386
298.000000	2.905823
299.000000	2.907321
300.000000	2.908946
301.000000	2.910627
302.000000	2.911985
303.000000	2.913450
304.000000	2.914857
305.000000	2.916393
306.000000	2.917979
307.000000	2.919559
308.000000	2.921077
309.000000	2.922643
310.000000	2.924125
311.000000	2.925617
312.000000	2.927227
313.000000	2.928593
314.000000	2.930196
315.000000	2.931628
316.000000	2.933223
317.000000	2.934677
318.000000	2.936181
319.000000	2.937711
320.000000	2.939185
321.000000	2.940674
322.000000	2.942242
323.000000	2.943619
324.000000	2.945289
325.000000	2.946633
326.000000	2.948193
327.000000	2.949703
328.000000	2.951224
329.000000	2.952763
330.000000	2.954182
331.000000	2.955752
332.000000	2.957142
333.000000	2.958710
334.000000	2.960188
335.000000	2.961681
336.000000	2.963186
337.000000	2.964609
338.000000	2.966097
339.000000	2.967667
340.000000	2.969073
341.000000	2.970636
342.000000	2.972078
343.000000	2.973657
344.000000	2.975174
345.000000	2.976568
346.000000	2.978016
347.000000	2.979462
348.000000	2.981040
349.000000	2.982598
350.000000	2.983933
351.000000	2.985352
352.000000	2.986978
353.000000	2.988371
354.000000	2.989849
355.000000	2.991241
356.000000	2.992888
357.000000	2.994347
358.000000	2.995788
359.000000	2.997251
360.000000	2.998586
361.000000	3.000188
362.000000	3.001640
363.000000	3.003246
364.000000	3.004568
365.000000	3.006093
366.000000	3.007510
367.000000	3.009038
368.000000	3.010361
369.000000	3.011779
370.000000	3.013408
371.000000	3.014915
372.000000	3.016304
373.000000	3.017826
374.000000	3.019339
375.000000	3.020689
376.000000	3.022078
377.000000	3.023635
378.000000	3.025065
379.000000	3.026482
380.000000	3.027943
381.000000	3.029383
382.000000	3.030945
383.000000	3.032224
384.000000	3.033815
385.000000	3.035169
386.000000	3.036598
387.000000	3.038161
388.000000	3.039546
389.000000	3.041075
390.000000	3.042485
391.000000	3.043925
392.000000	3.045277
393.000000	3.046773
394.000000	3.048156
395.000000	3.049650
396.000000	3.051046
397.000000	3.052504
398.000000	3.053900
399.000000	3.055286
400.000000	3.056824
401.000000	3.058134
402.000000	3.059656
403.000000	3.061109
404.000000	3.062482
405.000000	3.063950
406.000000	3.065411
407.000000	3.066748
408.000000	3.068221
409.000000	3.069681
410.000000	3.071129
411.000000	3.072611
412.000000	3.073936
413.000000	3.075358
414.000000	3.076796
415.000000	3.078324
416.000000	3.079605
417.000000	3.081164
418.000000	3.082439
419.000000	3.084056
420.000000	3.085366
421.000000	3.086747
422.000000	3.088193
423.000000	3.089613
424.000000	3.091097
425.000000	3.092457
426.000000	3.093948
427.000000	3.095203
428.000000	3.096596
429.000000	3.098069
430.000000	3.099518
431.000000	3.101006
432.000000	3.102268
433.000000	3.103711
434.000000	3.105153
435.000000	3.106448
436.000000	3.107848
437.000000	3.109391
438.000000	3.110652
439.000000	3.112102
440.000000	3.113588
441.000000	3.114982
442.000000	3.116244
443.000000	3.117770
444.000000	3.119171
445.000000	3.120474
446.000000	3.122030
447.000000	3.123232
448.000000	3.124749
449.000000	3.126118
450.000000	3.127617
451.000000	3.128973
452.000000	3.130392
453.000000	3.131709
454.000000	3.133059
455.000000	3.134497
456.000000	3.135815
457.000000	3.137407
458.000000	3.138746
459.000000	3.139970
460.000000	3.141471
461.000000	3.142791
462.000000	3.144241
463.000000	3.145658
464.000000	3.147006
465.000000	3.148423
466.000000	3.149781
467.000000	3.151171
468.000000	3.152528
469.000000	3.153980
470.000000	3.155321
471.000000	3.156761
472.000000	3.158064
473.000000	3.159418
474.000000	3.160770
475.000000	3.162348
476.000000	3.163536
477.000000	3.164925
478.000000	3.166352
479.000000	3.167694
480.000000	3.169101
481.000000	3.170508
482.000000	3.171830
483.000000	3.173352
484.000000	3.174526
485.000000	3.176048
486.000000	3.177226
487.000000	3.178712
488.000000	3.180038
489.000000	3.181407
490.000000	3.182872
491.000000	3.184152
492.000000	3.185624
493.000000	3.187000
494.000000	3.188270
495.000000	3.189699
496.000000	3.191133
497.000000	3.192447
498.000000	3.193697
499.000000	3.195028
500.000000	3.196445
501.000000	3.197803
502.000000	3.199257
503.000000	3.200581
504.000000	3.201868
505.000000	3.203298
506.000000	3.204622
507.000000	3.205961
508.000000	3.207254
509.000000	3.208690
510.000000	3.209993
511.000000	3.211216
512.000000	3.212755
513.000000	3.214138
514.000000	3.215403
515.000000	3.216897
516.000000	3.218121
517.000000	3.219502
518.000000	3.220957
519.000000	3.222109
520.000000	3.223540
521.000000	3.224884
522.000000	3.226208
523.000000	3.227480
524.000000	3.228898
525.000000	3.230204
526.000000	3.231600
527.000000	3.232956
528.000000	3.234399
529.000000	3.235695
530.000000	3.236939
531.000000	3.238251
532.000000	3.239546
533.000000	3.240940
534.000000	3.242209
535.000000	3.243628
536.000000	3.244912
537.000000	3.246130
538.000000	3.247687
539.000000	3.248947
540.000000	3.250249
541.000000	3.251459
542.000000	3.252807
543.000000	3.254183
544.000000	3.255503
545.000000	3.256872
546.000000	3.258184
547.000000	3.259574
548.000000	3.260822
549.000000	3.262075
550.000000	3.263553
551.000000	3.264798
552.000000	3.266100
553.000000	3.267414
554.000000	3.268844
555.000000	3.270035
556.000000	3.271471
557.000000	3.272758
558.000000	3.274099
559.000000	3.275355
560.000000	3.276749
561.000000	3.278036
562.000000	3.279357
563.000000	3.280590
564.000000	3.281971
565.000000	3.283315
566.000000	3.284570
567.000000	3.285871
568.000000	3.287304
569.000000	3.288537
570.000000	3.289740
571.000000	3.291272
572.000000	3.292537
573.000000	3.293803
574.000000	3.295163
575.000000	3.296344
576.000000	3.297754
577.000000	3.298972
578.000000	3.300282
579.000000	3.301649
580.000000	3.302920
581.000000	3.304257
582.000000	3.305524
583.000000	3.306811
584.000000	3.308123
585.000000	3.309405
586.000000	3.310688
587.000000	3.312120
588.000000	3.313359
589.000000	3.314577
590.000000	3.315978
591.000000	3.317263
592.000000	3.318627
593.000000	3.319765
594.000000	3.321152
595.000000	3.322440
596.000000	3.323786
597.000000	3.325134
598.000000	3.326428
599.000000	3.327591
600.000000	3.328897
601.000000	3.330101
602.000000	3.331434
603.000000	3.332700
604.000000	3.334079
605.000000	3.335397
606.000000	3.336635
607.000000	3.337968
608.000000	3.339189
609.000000	3.340532
610.000000	3.341804
611.000000	3.343022
612.000000	3.344376
613.000000	3.345760
614.000000	3.346946
615.000000	3.348099
616.000000	3.349590
617.000000	3.350693
618.000000	3.352053
619.000000	3.353280
620.000000	3.354583
621.000000	3.355827
622.000000	3.357118
623.000000	3.358447
624.000000	3.359789
625.000000	3.361017
626.000000	3.362279
627.000000	3.363663
628.000000	3.364786
629.000000	3.366077
630.000000	3.367338
631.000000	3.368717
632.000000	3.369975
633.000000	3.371205
634.000000	3.372453
635.000000	3.373748
636.000000	3.374888
637.000000	3.376203
638.000000	3.377522
639.000000	3.378947
640.000000	3.380091
641.000000	3.381393
642.000000	3.382649
643.000000	3.383877
644.000000	3.385147
645.000000	3.385718
646.000000	3.386232
647.000000	3.386755
648.000000	3.387250
649.000000	3.387739
650.000000	3.388240
651.000000	3.388741
652.000000	3.389183
653.000000	3.389745
654.000000	3.390209
655.000000	3.390694
656.000000	3.391208
657.000000	3.391672
658.000000	3.392200
659.000000	3.392663
660.000000	3.393160
661.000000	3.393693
662.000000	3.394124
663.000000	3.394642
664.000000	3.395145
665.000000	3.395641
666.000000	3.396115
667.000000	3.396633
668.000000	3.397084
669.000000	3.397568
670.000000	3.398103
671.000000	3.398550
672.000000	3.399015
673.000000	3.399509
674.000000	3.400034
675.000000	3.400501
676.000000	3.400980
677.000000	3.401511
678.000000	3.401962
679.000000	3.402491
680.000000	3.402987
681.000000	3.403450
682.000000	3.403956
683.000000	3.404400
684.000000	3.404922
685.000000	3.405413
686.000000	3.405874
687.000000	3.406417
688.000000	3.406882
689.000000	3.407352
690.000000	3.407870
691.000000	3.408347
692.000000	3.408848
693.000000	3.409321
694.000000	3.409772
695.000000	3.410305
696.000000	3.410783
697.000000	3.411266
698.000000	3.411731
699.000000	3.412232
700.000000	3.412710
701.000000	3.413176
702.000000	3.413691
703.000000	3.414175
704.000000	3.414668
705.000000	3.415184
706.000000	3.415628
707.000000	3.416041
708.000000	3.416622
709.000000	3.417070
710.000000	3.417521
711.000000	3.418001
712.000000	3.418547
713.000000	3.418967
714.000000	3.419489
715.000000	3.419932
716.000000	3.420483
717.000000	3.420929
718.000000	3.421362
719.000000	3.421903
