0.000000	0.000000
1.000000	0.000000
1.000000	0.000012
2.000000	0.000032
3.000000	0.000053
4.000000	0.000073
5.000000	0.000094
6.000000	0.000113
7.000000	0.000134
8.000000	0.000154
9.000000	0.000173
10.000000	0.000193
11.000000	0.000212
12.000000	0.000231
13.000000	0.000265
14.000000	0.000300
15.000000	0.000331
16.000000	0.000366
17.000000	0.000396
18.000000	0.000432
19.000000	0.000464
20.000000	0.000495
21.000000	0.000529
22.000000	0.000561
23.000000	0.000595
24.000000	0.000625
25.000000	0.000656
26.000000	0.000687
27.000000	0.000717
28.000000	0.000749
29.000000	0.000778
30.000000	0.000810
31.000000	0.000839
32.000000	0.000871
33.000000	0.000899
34.000000	0.000929
35.000000	0.000960
36.000000	0.000989
37.000000	0.001019
38.000000	0.001049
39.000000	0.001078
40.000000	0.001109
41.000000	0.001138
42.000000	0.001168
43.000000	0.001196
44.000000	0.001228
45.000000	0.001258
46.000000	0.001286
47.000000	0.001316
48.000000	0.001345
49.000000	0.001375
50.000000	0.001408
51.000000	0.001440
52.000000	0.001472
53.000000	0.001504
54.000000	0.001535
55.000000	0.001566
56.000000	0.001599
57.000000	0.001632
58.000000	0.001662
59.000000	0.001696
60.000000	0.001726
61.000000	0.001755
62.000000	0.001790
63.000000	0.001821
64.000000	0.001852
65.000000	0.001883
66.000000	0.001913
67.000000	0.001946
68.000000	0.001975
69.000000	0.002009
70.000000	0.002038
71.000000	0.002070
72.000000	0.002101
73.000000	0.002133
74.000000	0.002166
75.000000	0.002196
76.000000	0.002226
77.000000	0.002257
78.000000	0.002289
79.000000	0.002321
80.000000	0.002350
81.000000	0.002383
82.000000	0.002412
83.000000	0.002443
84.000000	0.002474
85.000000	0.002506
86.000000	0.002535
87.000000	0.002567
88.000000	0.002597
89.000000	0.002628
90.000000	0.002658
91.000000	0.002690
92.000000	0.002718
93.000000	0.002751
94.000000	0.002781
95.000000	0.002810
96.000000	0.002842
97.000000	0.002870
98.000000	0.002902
99.000000	0.002934
100.000000	0.002963
101.000000	0.002993
102.000000	0.003024
103.000000	0.003057
104.000000	0.003085
105.000000	0.003116
106.000000	0.003147
107.000000	0.003177
108.000000	0.003208
109.000000	0.003239
110.000000	0.003269
111.000000	0.003301
112.000000	0.003330
113.000000	0.003361
114.000000	0.003391
115.000000	0.003423
116.000000	0.003451
117.000000	0.003482
118.000000	0.003513
119.000000	0.003545
120.000000	0.003574
121.000000	0.003604
122.000000	0.003635
123.000000	0.003664
124.000000	0.003696
125.000000	0.003725
126.000000	0.003756
127.000000	0.003786
128.000000	0.003815
129.000000	0.003846
130.000000	0.003875
131.000000	0.003905
132.000000	0.003934
133.000000	0.003966
134.000000	0.003996
135.000000	0.004025
136.000000	0.004055
137.000000	0.004085
138.000000	0.004115
139.000000	0.004144
140.000000	0.004175
141.000000	0.004206
142.000000	0.004235
143.000000	0.004265
144.000000	0.004294
145.000000	0.004324
146.000000	0.004352
147.000000	0.004382
148.000000	0.004412
149.000000	0.004440
150.000000	0.004471
151.000000	0.004501
152.000000	0.004530
153.000000	0.004559
154.000000	0.004589
155.000000	0.004621
156.000000	0.004654
157.000000	0.004689
158.000000	0.004722
159.000000	0.004754
160.000000	0.004791
161.000000	0.004824
162.000000	0.004858
163.000000	0.004892
164.000000	0.004924
165.000000	0.004962
166.000000	0.004994
167.000000	0.005028
168.000000	0.005062
169.000000	0.005094
170.000000	0.005129
171.000000	0.005162
172.000000	0.005198
173.000000	0.005231
174.000000	0.005264
175.000000	0.005296
176.000000	0.005330
177.000000	0.005362
178.000000	0.005398
179.000000	0.005431
180.000000	0.005464
181.000000	0.005497
182.000000	0.005530
183.000000	0.005564
184.000000	0.005597
185.000000	0.005632
186.000000	0.005666
187.000000	0.005697
188.000000	0.005732
189.000000	0.005763
190.000000	0.005797
191.000000	0.005830
192.000000	0.005864
193.000000	0.005895
194.000000	0.005929
195.000000	0.005963
196.000000	0.005979
197.000000	0.005995
198.000000	0.006011
199.000000	0.006027
200.000000	0.006043
201.000000	0.006057
202.000000	0.006073
203.000000	0.006090
204.000000	0.006104
205.000000	0.006120
206.000000	0.006136
207.000000	0.006150
208.000000	0.006166
209.000000	0.006182
210.000000	0.006198
211.000000	0.006214
212.000000	0.006229
213.000000	0.006244
214.000000	0.006260
215.000000	0.006275
216.000000	0.006291
217.000000	0.006305
218.000000	0.006322
219.000000	0.006337
220.000000	0.006352
221.000000	0.006367
222.000000	0.006383
223.000000	0.006398
224.000000	0.006413
225.000000	0.006430
226.000000	0.006444
227.000000	0.006459
228.000000	0.006475
229.000000	0.006491
230.000000	0.006505
231.000000	0.006529
232.000000	0.006559
233.000000	0.006589
234.000000	0.006620
235.000000	0.006648
236.000000	0.006676
237.000000	0.006706
238.000000	0.006734
239.000000	0.006766
240.000000	0.006794
241.000000	0.006825
242.000000	0.006855
243.000000	0.006884
244.000000	0.006911
245.000000	0.006942
246.000000	0.006971
247.000000	0.007001
248.000000	0.007029
249.000000	0.007057
250.000000	0.007089
251.000000	0.007117
252.000000	0.007146
253.000000	0.007176
254.000000	0.007203
255.000000	0.007234
256.000000	0.007262
257.000000	0.007289
258.000000	0.007322
259.000000	0.007349
260.000000	0.007377
261.000000	0.007406
262.000000	0.007434
263.000000	0.007465
264.000000	0.007492
265.000000	0.007522
266.000000	0.007552
267.000000	0.007581
268.000000	0.007609
269.000000	0.007637
270.000000	0.007665
271.000000	0.007695
272.000000	0.007723
273.000000	0.007752
274.000000	0.007780
275.000000	0.007809
276.000000	0.007837
277.000000	0.007867
278.000000	0.007898
279.000000	0.007922
280.000000	0.007954
281.000000	0.007980
282.000000	0.008010
283.000000	0.008038
284.000000	0.008067
285.000000	0.008096
286.000000	0.008125
287.000000	0.008151
288.000000	0.008180
289.000000	0.008208
290.000000	0.008238
291.000000	0.008264
292.000000	0.008293
293.000000	0.008322
294.000000	0.008350
295.000000	0.008380
296.000000	0.008406
297.000000	0.008436
298.000000	0.008462
299.000000	0.008490
300.000000	0.008520
301.000000	0.008551
302.000000	0.008576
303.000000	0.008603
304.000000	0.008629
305.000000	0.008657
306.000000	0.008687
307.000000	0.008716
308.000000	0.008744
309.000000	0.008773
310.000000	0.008800
311.000000	0.008828
312.000000	0.008857
313.000000	0.008883
314.000000	0.008912
315.000000	0.008939
316.000000	0.008968
317.000000	0.008995
318.000000	0.009023
319.000000	0.009051
320.000000	0.009078
321.000000	0.009105
322.000000	0.009134
323.000000	0.009160
324.000000	0.009191
325.000000	0.009215
326.000000	0.009244
327.000000	0.009272
328.000000	0.009300
329.000000	0.009328
330.000000	0.009355
331.000000	0.009384
332.000000	0.009409
333.000000	0.009438
334.000000	0.009465
335.000000	0.009493
336.000000	0.009521
337.000000	0.009547
338.000000	0.009574
339.000000	0.009603
340.000000	0.009629
341.000000	0.009658
342.000000	0.009685
343.000000	0.009714
344.000000	0.009742
345.000000	0.009768
346.000000	0.009794
347.000000	0.009821
348.000000	0.009850
349.000000	0.009879
350.000000	0.009904
351.000000	0.009930
352.000000	0.009960
353.000000	0.009985
354.000000	0.010013
355.000000	0.010038
356.000000	0.010069
357.000000	0.010096
358.000000	0.010122
359.000000	0.010149
360.000000	0.010174
361.000000	0.010204
362.000000	0.010237
363.000000	0.010273
364.000000	0.010303
365.000000	0.010337
366.000000	0.010369
367.000000	0.010403
368.000000	0.010433
369.000000	0.010465
370.000000	0.010502
371.000000	0.010536
372.000000	0.010567
373.000000	0.010601
374.000000	0.010635
375.000000	0.010666
376.000000	0.010697
377.000000	0.010732
378.000000	0.010764
379.000000	0.010796
380.000000	0.010829
381.000000	0.010861
382.000000	0.010896
383.000000	0.010925
384.000000	0.010961
385.000000	0.010991
386.000000	0.011023
387.000000	0.011059
388.000000	0.011090
389.000000	0.011124
390.000000	0.011156
391.000000	0.011188
392.000000	0.011219
393.000000	0.011252
394.000000	0.011284
395.000000	0.011317
396.000000	0.011349
397.000000	0.011381
398.000000	0.011413
399.000000	0.011444
400.000000	0.011479
401.000000	0.011508
402.000000	0.011542
403.000000	0.011575
404.000000	0.011606
405.000000	0.011639
406.000000	0.011672
407.000000	0.011702
408.000000	0.011735
409.000000	0.011768
410.000000	0.011800
411.000000	0.011834
412.000000	0.011864
413.000000	0.011896
414.000000	0.011928
415.000000	0.011962
416.000000	0.011991
417.000000	0.012026
418.000000	0.012055
419.000000	0.012091
420.000000	0.012121
421.000000	0.012152
422.000000	0.012184
423.000000	0.012216
424.000000	0.012250
425.000000	0.012280
426.000000	0.012314
427.000000	0.012342
428.000000	0.012373
429.000000	0.012407
430.000000	0.012439
431.000000	0.012473
432.000000	0.012501
433.000000	0.012533
434.000000	0.012566
435.000000	0.012595
436.000000	0.012627
437.000000	0.012661
438.000000	0.012690
439.000000	0.012722
440.000000	0.012756
441.000000	0.012787
442.000000	0.012815
443.000000	0.012850
444.000000	0.012881
445.000000	0.012911
446.000000	0.012946
447.000000	0.012973
448.000000	0.013007
449.000000	0.013038
450.000000	0.013071
451.000000	0.013102
452.000000	0.013134
453.000000	0.013163
454.000000	0.013194
455.000000	0.013226
456.000000	0.013256
457.000000	0.013292
458.000000	0.013322
459.000000	0.013349
460.000000	0.013383
461.000000	0.013413
462.000000	0.013445
463.000000	0.013477
464.000000	0.013508
465.000000	0.013540
466.000000	0.013570
467.000000	0.013601
468.000000	0.013632
469.000000	0.013665
470.000000	0.013695
471.000000	0.013727
472.000000	0.013756
473.000000	0.013787
474.000000	0.013817
475.000000	0.013853
476.000000	0.013880
477.000000	0.013911
478.000000	0.013943
479.000000	0.013973
480.000000	0.014005
481.000000	0.014036
482.000000	0.014066
483.000000	0.014100
484.000000	0.014127
485.000000	0.014161
486.000000	0.014188
487.000000	0.014221
488.000000	0.014251
489.000000	0.014282
490.000000	0.014315
491.000000	0.014343
492.000000	0.014377
493.000000	0.014407
494.000000	0.014436
495.000000	0.014468
496.000000	0.014500
497.000000	0.014530
498.000000	0.014558
499.000000	0.014588
500.000000	0.014620
501.000000	0.014651
502.000000	0.014683
503.000000	0.014713
504.000000	0.014741
505.000000	0.014773
506.000000	0.014802
507.000000	0.014831
508.000000	0.014860
509.000000	0.014891
510.000000	0.014920
511.000000	0.014947
512.000000	0.014981
513.000000	0.015011
514.000000	0.015039
515.000000	0.015072
516.000000	0.015099
517.000000	0.015129
518.000000	0.015161
519.000000	0.015186
520.000000	0.015218
521.000000	0.015247
522.000000	0.015277
523.000000	0.015305
524.000000	0.015336
525.000000	0.015364
526.000000	0.015395
527.000000	0.015425
528.000000	0.015457
529.000000	0.015485
530.000000	0.015513
531.000000	0.015542
532.000000	0.015570
533.000000	0.015601
534.000000	0.015629
535.000000	0.015660
536.000000	0.015688
537.000000	0.015715
538.000000	0.015749
539.000000	0.015777
540.000000	0.015805
541.000000	0.015832
542.000000	0.015862
543.000000	0.015892
544.000000	0.015921
545.000000	0.015951
546.000000	0.015980
547.000000	0.016011
548.000000	0.016038
549.000000	0.016066
550.000000	0.016098
551.000000	0.016126
552.000000	0.016154
553.000000	0.016183
554.000000	0.016215
555.000000	0.016241
556.000000	0.016272
557.000000	0.016301
558.000000	0.016330
559.000000	0.016358
560.000000	0.016388
561.000000	0.016417
562.000000	0.016446
563.000000	0.016473
564.000000	0.016503
565.000000	0.016533
566.000000	0.016561
567.000000	0.016589
568.000000	0.016621
569.000000	0.016648
570.000000	0.016674
571.000000	0.016708
572.000000	0.016736
573.000000	0.016764
574.000000	0.016794
575.000000	0.016820
576.000000	0.016851
577.000000	0.016877
578.000000	0.016906
579.000000	0.016936
580.000000	0.016964
581.000000	0.016994
582.000000	0.017022
583.000000	0.017050
584.000000	0.017079
585.000000	0.017107
586.000000	0.017135
587.000000	0.017167
588.000000	0.017194
589.000000	0.017221
590.000000	0.017252
591.000000	0.017280
592.000000	0.017310
593.000000	0.017335
594.000000	0.017365
595.000000	0.017394
596.000000	0.017423
597.000000	0.017453
598.000000	0.017481
599.000000	0.017507
600.000000	0.017536
601.000000	0.017562
602.000000	0.017592
603.000000	0.017619
604.000000	0.017650
605.000000	0.017679
606.000000	0.017706
607.000000	0.017735
608.000000	0.017762
609.000000	0.017792
610.000000	0.017820
611.000000	0.017846
612.000000	0.017876
613.000000	0.017907
614.000000	0.017933
615.000000	0.017958
616.000000	0.017991
617.000000	0.018015
618.000000	0.018045
619.000000	0.018072
620.000000	0.018101
621.000000	0.018128
622.000000	0.018157
623.000000	0.018186
624.000000	0.018215
625.000000	0.018242
626.000000	0.018270
627.000000	0.018301
628.000000	0.018325
629.000000	0.018354
630.000000	0.018381
631.000000	0.018412
632.000000	0.018439
633.000000	0.018467
634.000000	0.018494
635.000000	0.018522
636.000000	0.018548
637.000000	0.018576
638.000000	0.018605
639.000000	0.018637
640.000000	0.018662
641.000000	0.018691
642.000000	0.018718
643.000000	0.018745
644.000000	0.018773
645.000000	0.018786
646.000000	0.018797
647.000000	0.018809
648.000000	0.018819
649.000000	0.018830
650.000000	0.018841
651.000000	0.018852
652.000000	0.018862
653.000000	0.018874
654.000000	0.018885
655.000000	0.018895
656.000000	0.018907
657.000000	0.018917
658.000000	0.018928
659.000000	0.018939
660.000000	0.018950
661.000000	0.018961
662.000000	0.018971
663.000000	0.018982
664.000000	0.018993
665.000000	0.019004
666.000000	0.019015
667.000000	0.019026
668.000000	0.019036
669.000000	0.019046
670.000000	0.019058
671.000000	0.019068
672.000000	0.019078
673.000000	0.019089
674.000000	0.019102
675.000000	0.019126
676.000000	0.019151
677.000000	0.019179
678.000000	0.019202
679.000000	0.019230
680.000000	0.019255
681.000000	0.019279
682.000000	0.019306
683.000000	0.019329
684.000000	0.019356
685.000000	0.019381
686.000000	0.019405
687.000000	0.019434
688.000000	0.019458
689.000000	0.019482
690.000000	0.019509
691.000000	0.019534
692.000000	0.019560
693.000000	0.019585
694.000000	0.019608
695.000000	0.019636
696.000000	0.019661
697.000000	0.019686
698.000000	0.019710
699.000000	0.019736
700.000000	0.019761
701.000000	0.019785
702.000000	0.019812
703.000000	0.019837
704.000000	0.019863
705.000000	0.019890
706.000000	0.019913
707.000000	0.019934
708.000000	0.019964
709.000000	0.019988
710.000000	0.020011
711.000000	0.020036
712.000000	0.020064
713.000000	0.020086
714.000000	0.020113
715.000000	0.020136
716.000000	0.020165
717.000000	0.020188
718.000000	0.020211
719.000000	0.020239
