0.000000	0.000000
1.000000	0.000000
2.000000	0.000000
3.000000	0.000000
4.000000	0.000492
5.000000	0.006074
6.000000	0.012438
7.000000	0.018926
8.000000	0.024345
9.000000	0.029535
10.000000	0.035168
11.000000	0.040468
12.000000	0.046271
13.000000	0.052011
14.000000	0.057636
15.000000	0.063420
16.000000	0.068991
17.000000	0.074586
18.000000	0.080276
19.000000	0.085791
20.000000	0.091775
21.000000	0.098831
22.000000	0.105702
23.000000	0.112405
24.000000	0.121061
25.000000	0.129726
26.000000	0.138193
27.000000	0.146427
28.000000	0.154285
29.000000	0.161993
30.000000	0.169549
31.000000	0.172655
32.000000	0.175183
33.000000	0.178478
34.000000	0.182098
35.000000	0.185666
36.000000	0.189179
37.000000	0.192630
38.000000	0.196032
39.000000	0.199377
40.000000	0.202683
41.000000	0.205936
42.000000	0.209146
43.000000	0.212315
44.000000	0.215435
45.000000	0.218521
46.000000	0.221565
47.000000	0.227250
48.000000	0.233318
49.000000	0.239310
50.000000	0.245233
51.000000	0.251079
52.000000	0.256866
53.000000	0.262588
54.000000	0.268264
55.000000	0.273858
56.000000	0.279395
57.000000	0.284889
58.000000	0.290305
59.000000	0.295689
60.000000	0.300994
61.000000	0.306279
62.000000	0.311483
63.000000	0.316671
64.000000	0.321957
65.000000	0.327180
66.000000	0.332362
67.000000	0.337497
68.000000	0.342596
69.000000	0.347640
70.000000	0.352639
71.000000	0.357585
72.000000	0.362513
73.000000	0.367384
74.000000	0.372225
75.000000	0.377016
76.000000	0.381761
77.000000	0.386490
78.000000	0.391158
79.000000	0.395815
80.000000	0.400422
81.000000	0.405000
82.000000	0.409549
83.000000	0.414375
84.000000	0.420227
85.000000	0.426032
86.000000	0.431809
87.000000	0.437541
88.000000	0.443228
89.000000	0.448875
90.000000	0.454502
91.000000	0.460060
92.000000	0.465580
93.000000	0.471089
94.000000	0.476540
95.000000	0.481953
96.000000	0.487339
97.000000	0.492677
98.000000	0.497992
99.000000	0.503285
100.000000	0.508534
101.000000	0.513732
102.000000	0.518922
103.000000	0.524073
104.000000	0.529176
105.000000	0.534257
106.000000	0.539309
107.000000	0.544849
108.000000	0.550429
109.000000	0.555979
110.000000	0.561513
111.000000	0.567001
112.000000	0.572447
113.000000	0.577868
114.000000	0.583267
115.000000	0.588631
116.000000	0.593957
117.000000	0.599251
118.000000	0.604523
119.000000	0.609753
120.000000	0.614961
121.000000	0.620148
122.000000	0.625298
123.000000	0.630427
124.000000	0.635520
125.000000	0.640591
126.000000	0.645638
127.000000	0.650650
128.000000	0.655655
129.000000	0.660617
130.000000	0.665550
131.000000	0.670468
132.000000	0.675369
133.000000	0.680252
134.000000	0.685441
135.000000	0.690831
136.000000	0.696185
137.000000	0.701537
138.000000	0.706852
139.000000	0.712155
140.000000	0.717394
141.000000	0.722643
142.000000	0.727842
143.000000	0.733041
144.000000	0.738192
145.000000	0.743338
146.000000	0.748436
147.000000	0.753536
148.000000	0.758602
149.000000	0.763658
150.000000	0.768665
151.000000	0.773658
152.000000	0.778615
153.000000	0.783569
154.000000	0.788494
155.000000	0.793387
156.000000	0.798273
157.000000	0.803134
158.000000	0.807963
159.000000	0.812793
160.000000	0.817572
161.000000	0.822349
162.000000	0.827100
163.000000	0.831845
164.000000	0.836562
165.000000	0.841336
166.000000	0.847773
167.000000	0.854178
168.000000	0.860564
169.000000	0.866924
170.000000	0.873276
171.000000	0.879561
172.000000	0.885857
173.000000	0.892103
174.000000	0.898299
175.000000	0.904520
176.000000	0.910703
177.000000	0.916836
178.000000	0.922965
179.000000	0.929053
180.000000	0.935152
181.000000	0.941192
