0.000000	1.995705
1.000000	1.995638
2.000000	1.995542
3.000000	1.996398
4.000000	2.083452
5.000000	2.754141
6.000000	3.099486
7.000000	3.392098
8.000000	3.500866
9.000000	3.600579
10.000000	3.693684
11.000000	3.781296
12.000000	3.864421
13.000000	3.943601
14.000000	4.019318
15.000000	4.092071
16.000000	4.162155
17.000000	4.229726
18.000000	4.295129
19.000000	4.358513
20.000000	4.420125
21.000000	4.479927
22.000000	4.538156
23.000000	4.594956
24.000000	4.650380
25.000000	4.704539
26.000000	4.757454
27.000000	4.809206
28.000000	4.859902
29.000000	4.909630
30.000000	4.958380
31.000000	4.978419
32.000000	4.994731
33.000000	5.010774
34.000000	5.026515
35.000000	5.042028
36.000000	5.057299
37.000000	5.072303
38.000000	5.087096
39.000000	5.101638
40.000000	5.116013
41.000000	5.130157
42.000000	5.144114
43.000000	5.157890
44.000000	5.171457
45.000000	5.184873
46.000000	5.198110
47.000000	5.211171
48.000000	5.224081
49.000000	5.236830
50.000000	5.249432
51.000000	5.261870
52.000000	5.274183
53.000000	5.286359
54.000000	5.298433
55.000000	5.310336
56.000000	5.322118
57.000000	5.333806
58.000000	5.345330
59.000000	5.356784
60.000000	5.368071
61.000000	5.379317
62.000000	5.390388
63.000000	5.401384
64.000000	5.412283
65.000000	5.423051
66.000000	5.433736
67.000000	5.444323
68.000000	5.454836
69.000000	5.465236
70.000000	5.475543
71.000000	5.485742
72.000000	5.495903
73.000000	5.505947
74.000000	5.515929
75.000000	5.525807
76.000000	5.535590
77.000000	5.545341
78.000000	5.554964
79.000000	5.564566
80.000000	5.574066
81.000000	5.583504
82.000000	5.592886
83.000000	5.602165
84.000000	5.611381
85.000000	5.620523
86.000000	5.629621
87.000000	5.638648
88.000000	5.647603
89.000000	5.656496
90.000000	5.665358
91.000000	5.674110
92.000000	5.682803
93.000000	5.691479
94.000000	5.700064
95.000000	5.708587
96.000000	5.717070
97.000000	5.725476
98.000000	5.733846
99.000000	5.742181
100.000000	5.750447
101.000000	5.758633
102.000000	5.766806
103.000000	5.774918
104.000000	5.782954
105.000000	5.790957
106.000000	5.798911
107.000000	5.806830
108.000000	5.814688
109.000000	5.822506
110.000000	5.830299
111.000000	5.838029
112.000000	5.845700
113.000000	5.853335
114.000000	5.860939
115.000000	5.868495
116.000000	5.875996
117.000000	5.883452
118.000000	5.890877
119.000000	5.898244
120.000000	5.905579
121.000000	5.912885
122.000000	5.920138
123.000000	5.927362
124.000000	5.934535
125.000000	5.941678
126.000000	5.948787
127.000000	5.955845
128.000000	5.962895
129.000000	5.969884
130.000000	5.976831
131.000000	5.983758
132.000000	5.990661
133.000000	5.997539
134.000000	6.004328
135.000000	6.011108
136.000000	6.017843
137.000000	6.024575
138.000000	6.031260
139.000000	6.037930
140.000000	6.044521
141.000000	6.051123
142.000000	6.057663
143.000000	6.064203
144.000000	6.070681
145.000000	6.077154
146.000000	6.083567
147.000000	6.089983
148.000000	6.096355
149.000000	6.102715
150.000000	6.109013
151.000000	6.115293
152.000000	6.121528
153.000000	6.127759
154.000000	6.133955
155.000000	6.140109
156.000000	6.146256
157.000000	6.152370
158.000000	6.158444
159.000000	6.164519
160.000000	6.170531
161.000000	6.176539
162.000000	6.182515
163.000000	6.188484
164.000000	6.194417
165.000000	6.200307
166.000000	6.206185
167.000000	6.212034
168.000000	6.217867
169.000000	6.223675
170.000000	6.229476
171.000000	6.235216
172.000000	6.240965
173.000000	6.246669
174.000000	6.252327
175.000000	6.258009
176.000000	6.263655
177.000000	6.269257
178.000000	6.274854
179.000000	6.280414
180.000000	6.285984
181.000000	6.291500
