0.000000	0.000000
1.000000	0.000000
2.000000	0.000000
3.000000	0.000000
4.000000	0.001948
5.000000	0.091601
6.000000	0.187604
7.000000	0.249993
8.000000	0.332181
9.000000	0.405385
10.000000	0.488398
11.000000	0.568645
12.000000	0.647755
13.000000	0.725367
14.000000	0.801355
15.000000	0.884349
16.000000	0.976286
17.000000	1.063828
18.000000	1.164826
19.000000	1.260749
20.000000	1.351951
21.000000	1.438992
22.000000	1.521951
23.000000	1.601422
24.000000	1.677527
25.000000	1.750615
26.000000	1.820761
27.000000	1.895885
28.000000	1.989714
29.000000	2.080200
30.000000	2.167567
31.000000	2.251989
32.000000	2.352526
33.000000	2.451661
34.000000	2.547852
35.000000	2.640952
36.000000	2.731234
37.000000	2.818857
38.000000	2.904030
39.000000	2.986704
40.000000	3.067055
41.000000	3.145349
42.000000	3.221766
43.000000	3.295812
44.000000	3.367984
45.000000	3.438313
46.000000	3.506775
47.000000	3.573659
48.000000	3.638909
49.000000	3.702601
50.000000	3.776709
51.000000	3.858499
52.000000	3.938257
53.000000	4.016414
54.000000	4.092787
55.000000	4.167312
56.000000	4.240422
57.000000	4.311803
58.000000	4.381652
59.000000	4.472157
60.000000	4.563578
61.000000	4.652938
62.000000	4.740567
63.000000	4.826504
64.000000	4.910728
65.000000	4.993494
66.000000	5.074509
67.000000	5.153995
68.000000	5.231937
69.000000	5.310104
70.000000	5.391840
71.000000	5.472204
72.000000	5.551031
73.000000	5.628543
74.000000	5.704680
75.000000	5.779329
76.000000	5.852617
77.000000	5.924861
78.000000	5.995697
79.000000	6.065310
80.000000	6.133782
81.000000	6.201186
82.000000	6.267482
83.000000	6.357042
84.000000	6.445989
85.000000	6.533616
86.000000	6.619988
87.000000	6.704691
88.000000	6.788210
89.000000	6.870403
90.000000	6.951246
91.000000	7.031049
92.000000	7.109476
93.000000	7.186913
94.000000	7.263050
95.000000	7.337983
96.000000	7.411981
97.000000	7.484995
98.000000	7.556912
99.000000	7.627547
100.000000	7.717198
101.000000	7.806215
102.000000	7.894114
103.000000	7.980721
104.000000	8.065954
105.000000	8.150336
106.000000	8.233640
107.000000	8.315641
108.000000	8.396462
109.000000	8.476193
110.000000	8.555006
111.000000	8.632689
112.000000	8.709319
113.000000	8.784842
114.000000	8.859276
115.000000	8.933100
116.000000	9.006362
117.000000	9.078322
118.000000	9.149185
119.000000	9.219244
120.000000	9.288731
121.000000	9.356917
122.000000	9.455219
123.000000	9.580828
124.000000	9.705193
125.000000	9.827875
126.000000	9.948925
127.000000	10.068863
128.000000	10.186927
129.000000	10.304194
130.000000	10.419514
131.000000	10.533448
132.000000	10.646167
133.000000	10.757773
134.000000	10.868496
135.000000	10.977534
136.000000	11.085357
137.000000	11.191931
138.000000	11.297629
139.000000	11.401634
140.000000	11.504893
141.000000	11.606502
142.000000	11.707434
143.000000	11.807655
144.000000	11.906366
145.000000	12.004071
146.000000	12.100647
147.000000	12.196407
148.000000	12.291402
149.000000	12.384837
150.000000	12.477161
151.000000	12.568876
152.000000	12.659810
153.000000	12.760442
154.000000	12.867188
155.000000	12.973764
156.000000	13.078716
157.000000	13.182608
158.000000	13.286228
159.000000	13.388380
160.000000	13.489774
161.000000	13.589010
162.000000	13.688456
163.000000	13.786558
164.000000	13.884094
165.000000	13.980644
166.000000	14.076062
167.000000	14.170368
168.000000	14.263564
169.000000	14.356422
170.000000	14.448212
171.000000	14.539224
172.000000	14.629566
173.000000	14.718880
174.000000	14.807480
175.000000	14.895306
176.000000	14.982102
177.000000	15.068542
178.000000	15.153842
179.000000	15.238604
180.000000	15.322550
181.000000	15.404858
182.000000	15.487186
183.000000	15.568530
184.000000	15.649160
185.000000	15.728972
186.000000	15.808510
187.000000	15.886708
188.000000	15.965156
189.000000	16.042472
190.000000	16.118132
191.000000	16.194146
192.000000	16.269448
193.000000	16.344792
194.000000	16.419088
195.000000	16.492502
196.000000	16.565414
197.000000	16.637570
