0.000000	1.994585
1.000000	1.994442
2.000000	1.994606
3.000000	1.995535
4.000000	2.273029
5.000000	4.418648
6.000000	5.050453
7.000000	5.259559
8.000000	5.433363
9.000000	5.584299
10.000000	5.718737
11.000000	5.840346
12.000000	5.951767
13.000000	6.054550
14.000000	6.150132
15.000000	6.239588
16.000000	6.323549
17.000000	6.402836
18.000000	6.477649
19.000000	6.548703
20.000000	6.616260
21.000000	6.680735
22.000000	6.742186
23.000000	6.801053
24.000000	6.857428
25.000000	6.911567
26.000000	6.963527
27.000000	7.013274
28.000000	7.061392
29.000000	7.107795
30.000000	7.152598
31.000000	7.195892
32.000000	7.237766
33.000000	7.278229
34.000000	7.317491
35.000000	7.355491
36.000000	7.392341
37.000000	7.428105
38.000000	7.462870
39.000000	7.496614
40.000000	7.529410
41.000000	7.561367
42.000000	7.592558
43.000000	7.622780
44.000000	7.652238
45.000000	7.680944
46.000000	7.708888
47.000000	7.736187
48.000000	7.762820
49.000000	7.788817
50.000000	7.814154
51.000000	7.838939
52.000000	7.863108
53.000000	7.886792
54.000000	7.909935
55.000000	7.932519
56.000000	7.954673
57.000000	7.976304
58.000000	7.997470
59.000000	8.018257
60.000000	8.038573
61.000000	8.058431
62.000000	8.077904
63.000000	8.097001
64.000000	8.115717
65.000000	8.134110
66.000000	8.152113
67.000000	8.169777
68.000000	8.187097
69.000000	8.204103
70.000000	8.220784
71.000000	8.237184
72.000000	8.253272
73.000000	8.269090
74.000000	8.284629
75.000000	8.299863
76.000000	8.314820
77.000000	8.329564
78.000000	8.344020
79.000000	8.358227
80.000000	8.372200
81.000000	8.385956
82.000000	8.399486
83.000000	8.412800
84.000000	8.425881
85.000000	8.438767
86.000000	8.451469
87.000000	8.463925
88.000000	8.476207
89.000000	8.488295
90.000000	8.500183
91.000000	8.511919
92.000000	8.523452
93.000000	8.534840
94.000000	8.546037
95.000000	8.557056
96.000000	8.567938
97.000000	8.578676
98.000000	8.589252
99.000000	8.599639
100.000000	8.609909
101.000000	8.620024
102.000000	8.630013
103.000000	8.639855
104.000000	8.649540
105.000000	8.659129
106.000000	8.668595
107.000000	8.677914
108.000000	8.687098
109.000000	8.696158
110.000000	8.705114
111.000000	8.713942
112.000000	8.722650
113.000000	8.731232
114.000000	8.739690
115.000000	8.748080
116.000000	8.756405
117.000000	8.764582
118.000000	8.772635
119.000000	8.780596
120.000000	8.788492
121.000000	8.796241
122.000000	8.803941
123.000000	8.811530
124.000000	8.819045
125.000000	8.826458
126.000000	8.833772
127.000000	8.841019
128.000000	8.848153
129.000000	8.855238
130.000000	8.862206
131.000000	8.869091
132.000000	8.875901
133.000000	8.882645
134.000000	8.889335
135.000000	8.895924
136.000000	8.902439
137.000000	8.908878
138.000000	8.915265
139.000000	8.921549
140.000000	8.927788
141.000000	8.933928
142.000000	8.940026
143.000000	8.946082
144.000000	8.952046
145.000000	8.957950
146.000000	8.963785
147.000000	8.969571
148.000000	8.975311
149.000000	8.980957
150.000000	8.986535
151.000000	8.992077
152.000000	8.997572
153.000000	9.003022
154.000000	9.008359
155.000000	9.013688
156.000000	9.018936
157.000000	9.024130
158.000000	9.029311
159.000000	9.034419
160.000000	9.039489
161.000000	9.044450
162.000000	9.049423
163.000000	9.054328
164.000000	9.059205
165.000000	9.064032
166.000000	9.068803
167.000000	9.073518
168.000000	9.078178
169.000000	9.082821
170.000000	9.087411
171.000000	9.091961
172.000000	9.096478
173.000000	9.100944
174.000000	9.105374
175.000000	9.109765
176.000000	9.114105
177.000000	9.118427
178.000000	9.122692
179.000000	9.126930
180.000000	9.131127
181.000000	9.135243
182.000000	9.139359
183.000000	9.143427
184.000000	9.147458
185.000000	9.151449
186.000000	9.155425
187.000000	9.159335
188.000000	9.163258
189.000000	9.167124
190.000000	9.170907
191.000000	9.174707
192.000000	9.178472
193.000000	9.182240
194.000000	9.185954
195.000000	9.189625
196.000000	9.193271
197.000000	9.196879
