0.000000	0.000000
1.000000	0.000000
1.000000	0.000000
2.000000	0.000000
3.000000	0.000000
4.000000	0.000000
5.000000	0.000000
6.000000	0.000000
7.000000	0.000000
8.000000	0.000000
9.000000	0.000000
10.000000	0.000000
11.000000	0.000017
12.000000	0.000038
13.000000	0.000060
14.000000	0.000080
15.000000	0.000099
16.000000	0.000118
17.000000	0.000138
18.000000	0.000157
19.000000	0.000175
20.000000	0.000196
21.000000	0.000214
22.000000	0.000232
23.000000	0.000265
24.000000	0.000298
25.000000	0.000331
26.000000	0.000362
27.000000	0.000394
28.000000	0.000426
29.000000	0.000458
30.000000	0.000489
31.000000	0.000521
32.000000	0.000552
33.000000	0.000583
34.000000	0.000615
35.000000	0.000645
36.000000	0.000674
37.000000	0.000706
38.000000	0.000734
39.000000	0.000761
40.000000	0.000794
41.000000	0.000822
42.000000	0.000851
43.000000	0.000880
44.000000	0.000910
45.000000	0.000940
46.000000	0.000968
47.000000	0.000998
48.000000	0.001027
49.000000	0.001057
50.000000	0.001085
51.000000	0.001114
52.000000	0.001143
53.000000	0.001172
54.000000	0.001201
55.000000	0.001229
56.000000	0.001259
57.000000	0.001288
58.000000	0.001315
59.000000	0.001344
60.000000	0.001374
61.000000	0.001405
62.000000	0.001437
63.000000	0.001467
64.000000	0.001500
65.000000	0.001530
66.000000	0.001561
67.000000	0.001592
68.000000	0.001622
69.000000	0.001654
70.000000	0.001685
71.000000	0.001715
72.000000	0.001746
73.000000	0.001776
74.000000	0.001807
75.000000	0.001838
76.000000	0.001869
77.000000	0.001898
78.000000	0.001928
79.000000	0.001961
80.000000	0.001990
81.000000	0.002020
82.000000	0.002051
83.000000	0.002082
84.000000	0.002110
85.000000	0.002142
86.000000	0.002174
87.000000	0.002202
88.000000	0.002232
89.000000	0.002262
90.000000	0.002292
91.000000	0.002323
92.000000	0.002352
93.000000	0.002380
94.000000	0.002412
95.000000	0.002441
96.000000	0.002471
97.000000	0.002501
98.000000	0.002533
99.000000	0.002561
100.000000	0.002591
101.000000	0.002620
102.000000	0.002650
103.000000	0.002679
104.000000	0.002709
105.000000	0.002739
106.000000	0.002769
107.000000	0.002800
108.000000	0.002828
109.000000	0.002856
110.000000	0.002888
111.000000	0.002916
112.000000	0.002944
113.000000	0.002974
114.000000	0.003005
115.000000	0.003035
116.000000	0.003064
117.000000	0.003095
118.000000	0.003122
119.000000	0.003153
120.000000	0.003183
121.000000	0.003212
122.000000	0.003242
123.000000	0.003272
124.000000	0.003300
125.000000	0.003331
126.000000	0.003359
127.000000	0.003390
128.000000	0.003420
129.000000	0.003450
130.000000	0.003478
131.000000	0.003508
132.000000	0.003537
133.000000	0.003565
134.000000	0.003595
135.000000	0.003625
136.000000	0.003655
137.000000	0.003683
138.000000	0.003712
139.000000	0.003743
140.000000	0.003770
141.000000	0.003800
142.000000	0.003827
143.000000	0.003857
144.000000	0.003887
145.000000	0.003916
146.000000	0.003945
147.000000	0.003972
148.000000	0.004004
149.000000	0.004034
150.000000	0.004060
151.000000	0.004090
152.000000	0.004118
153.000000	0.004147
154.000000	0.004177
155.000000	0.004204
156.000000	0.004231
157.000000	0.004260
158.000000	0.004289
159.000000	0.004319
160.000000	0.004346
161.000000	0.004376
162.000000	0.004404
163.000000	0.004432
164.000000	0.004460
165.000000	0.004490
166.000000	0.004519
167.000000	0.004547
168.000000	0.004574
169.000000	0.004602
170.000000	0.004637
171.000000	0.004667
172.000000	0.004699
173.000000	0.004733
174.000000	0.004767
175.000000	0.004797
176.000000	0.004831
177.000000	0.004862
178.000000	0.004896
179.000000	0.004929
180.000000	0.004961
181.000000	0.004995
182.000000	0.005025
183.000000	0.005060
184.000000	0.005090
185.000000	0.005123
186.000000	0.005155
187.000000	0.005188
188.000000	0.005220
189.000000	0.005254
190.000000	0.005283
191.000000	0.005317
192.000000	0.005351
193.000000	0.005382
194.000000	0.005413
195.000000	0.005445
196.000000	0.005479
197.000000	0.005508
198.000000	0.005542
199.000000	0.005574
200.000000	0.005605
201.000000	0.005640
202.000000	0.005671
203.000000	0.005701
204.000000	0.005736
205.000000	0.005766
206.000000	0.005796
207.000000	0.005829
208.000000	0.005860
209.000000	0.005892
210.000000	0.005926
211.000000	0.005956
212.000000	0.005975
213.000000	0.005990
214.000000	0.006005
215.000000	0.006021
216.000000	0.006036
217.000000	0.006049
218.000000	0.006066
219.000000	0.006080
220.000000	0.006095
221.000000	0.006111
222.000000	0.006125
223.000000	0.006139
224.000000	0.006155
225.000000	0.006170
226.000000	0.006184
227.000000	0.006199
228.000000	0.006214
229.000000	0.006229
230.000000	0.006244
231.000000	0.006258
232.000000	0.006273
233.000000	0.006288
234.000000	0.006303
235.000000	0.006317
236.000000	0.006333
237.000000	0.006347
238.000000	0.006363
239.000000	0.006376
240.000000	0.006391
241.000000	0.006406
242.000000	0.006420
243.000000	0.006435
244.000000	0.006450
245.000000	0.006465
246.000000	0.006479
247.000000	0.006494
248.000000	0.006509
249.000000	0.006533
250.000000	0.006564
251.000000	0.006592
252.000000	0.006619
253.000000	0.006651
254.000000	0.006678
255.000000	0.006705
256.000000	0.006734
257.000000	0.006761
258.000000	0.006789
259.000000	0.006818
260.000000	0.006846
261.000000	0.006874
262.000000	0.006901
263.000000	0.006930
264.000000	0.006957
265.000000	0.006987
266.000000	0.007013
267.000000	0.007043
268.000000	0.007071
269.000000	0.007099
270.000000	0.007126
271.000000	0.007155
272.000000	0.007185
273.000000	0.007210
274.000000	0.007238
275.000000	0.007267
276.000000	0.007294
277.000000	0.007321
278.000000	0.007350
279.000000	0.007377
280.000000	0.007407
281.000000	0.007435
282.000000	0.007461
283.000000	0.007489
284.000000	0.007516
285.000000	0.007545
286.000000	0.007572
287.000000	0.007599
288.000000	0.007627
289.000000	0.007655
290.000000	0.007681
291.000000	0.007710
292.000000	0.007739
293.000000	0.007766
294.000000	0.007793
295.000000	0.007821
296.000000	0.007847
297.000000	0.007876
298.000000	0.007903
299.000000	0.007927
300.000000	0.007958
301.000000	0.007984
302.000000	0.008012
303.000000	0.008039
304.000000	0.008068
305.000000	0.008093
306.000000	0.008122
307.000000	0.008149
308.000000	0.008177
309.000000	0.008204
310.000000	0.008230
311.000000	0.008259
312.000000	0.008285
313.000000	0.008313
314.000000	0.008340
315.000000	0.008367
316.000000	0.008393
317.000000	0.008420
318.000000	0.008447
319.000000	0.008476
320.000000	0.008502
321.000000	0.008528
322.000000	0.008556
323.000000	0.008583
324.000000	0.008611
325.000000	0.008637
326.000000	0.008666
327.000000	0.008692
328.000000	0.008717
329.000000	0.008746
330.000000	0.008771
331.000000	0.008798
332.000000	0.008826
333.000000	0.008851
334.000000	0.008878
335.000000	0.008907
336.000000	0.008933
337.000000	0.008959
338.000000	0.008986
339.000000	0.009012
340.000000	0.009039
341.000000	0.009065
342.000000	0.009095
343.000000	0.009119
344.000000	0.009148
345.000000	0.009173
346.000000	0.009199
347.000000	0.009226
348.000000	0.009254
349.000000	0.009280
350.000000	0.009307
351.000000	0.009332
352.000000	0.009359
353.000000	0.009385
354.000000	0.009411
355.000000	0.009437
356.000000	0.009465
357.000000	0.009490
358.000000	0.009516
359.000000	0.009543
360.000000	0.009572
361.000000	0.009596
362.000000	0.009621
363.000000	0.009648
364.000000	0.009676
365.000000	0.009703
366.000000	0.009728
367.000000	0.009755
368.000000	0.009782
369.000000	0.009808
370.000000	0.009832
371.000000	0.009859
372.000000	0.009885
373.000000	0.009912
374.000000	0.009938
375.000000	0.009965
376.000000	0.009991
377.000000	0.010017
378.000000	0.010043
379.000000	0.010069
380.000000	0.010095
381.000000	0.010122
382.000000	0.010149
383.000000	0.010174
384.000000	0.010200
385.000000	0.010233
386.000000	0.010261
387.000000	0.010296
388.000000	0.010326
389.000000	0.010355
390.000000	0.010390
391.000000	0.010419
392.000000	0.010453
393.000000	0.010485
394.000000	0.010516
395.000000	0.010547
396.000000	0.010578
397.000000	0.010609
398.000000	0.010641
399.000000	0.010673
400.000000	0.010704
401.000000	0.010734
402.000000	0.010767
403.000000	0.010798
404.000000	0.010830
405.000000	0.010859
406.000000	0.010892
407.000000	0.010925
408.000000	0.010955
409.000000	0.010985
410.000000	0.011018
411.000000	0.011048
412.000000	0.011081
413.000000	0.011114
414.000000	0.011145
415.000000	0.011176
416.000000	0.011204
417.000000	0.011237
418.000000	0.011268
419.000000	0.011298
420.000000	0.011329
421.000000	0.011360
422.000000	0.011391
423.000000	0.011422
424.000000	0.011455
425.000000	0.011484
426.000000	0.011517
427.000000	0.011545
428.000000	0.011580
429.000000	0.011609
430.000000	0.011640
431.000000	0.011671
432.000000	0.011702
433.000000	0.011732
434.000000	0.011763
435.000000	0.011796
436.000000	0.011827
437.000000	0.011856
438.000000	0.011887
439.000000	0.011918
440.000000	0.011950
441.000000	0.011979
442.000000	0.012008
443.000000	0.012040
444.000000	0.012073
445.000000	0.012102
446.000000	0.012131
447.000000	0.012164
448.000000	0.012194
449.000000	0.012224
450.000000	0.012253
451.000000	0.012285
452.000000	0.012317
453.000000	0.012346
454.000000	0.012376
455.000000	0.012408
456.000000	0.012439
457.000000	0.012467
458.000000	0.012499
459.000000	0.012531
460.000000	0.012564
461.000000	0.012592
462.000000	0.012622
463.000000	0.012652
464.000000	0.012683
465.000000	0.012713
466.000000	0.012742
467.000000	0.012772
468.000000	0.012804
469.000000	0.012834
470.000000	0.012865
471.000000	0.012894
472.000000	0.012926
473.000000	0.012955
474.000000	0.012984
475.000000	0.013015
476.000000	0.013045
477.000000	0.013075
478.000000	0.013107
479.000000	0.013135
480.000000	0.013167
481.000000	0.013195
482.000000	0.013227
483.000000	0.013255
484.000000	0.013286
485.000000	0.013317
486.000000	0.013347
487.000000	0.013375
488.000000	0.013407
489.000000	0.013435
490.000000	0.013467
491.000000	0.013494
492.000000	0.013523
493.000000	0.013555
494.000000	0.013586
495.000000	0.013614
496.000000	0.013646
497.000000	0.013675
498.000000	0.013705
499.000000	0.013737
500.000000	0.013765
501.000000	0.013793
502.000000	0.013824
503.000000	0.013854
