0.000000	1.993242
1.000000	1.993355
1.000000	1.993068
2.000000	1.993126
3.000000	1.993420
4.000000	1.993468
5.000000	1.993342
6.000000	1.993693
7.000000	1.994458
8.000000	1.995118
9.000000	1.996722
10.000000	1.997653
11.000000	2.001574
12.000000	2.006352
13.000000	2.011258
14.000000	2.015764
15.000000	2.020152
16.000000	2.024538
17.000000	2.029024
18.000000	2.033299
19.000000	2.037436
20.000000	2.041990
21.000000	2.046117
22.000000	2.050104
23.000000	2.054385
24.000000	2.058590
25.000000	2.062775
26.000000	2.066783
27.000000	2.070887
28.000000	2.074952
29.000000	2.079137
30.000000	2.083119
31.000000	2.087236
32.000000	2.091171
33.000000	2.095104
34.000000	2.099221
35.000000	2.103261
36.000000	2.107229
37.000000	2.111474
38.000000	2.115319
39.000000	2.119010
40.000000	2.123352
41.000000	2.127145
42.000000	2.131185
43.000000	2.135064
44.000000	2.139150
45.000000	2.143101
46.000000	2.147015
47.000000	2.151004
48.000000	2.154937
49.000000	2.158934
50.000000	2.162756
51.000000	2.166735
52.000000	2.170687
53.000000	2.174618
54.000000	2.178417
55.000000	2.182294
56.000000	2.186340
57.000000	2.190291
58.000000	2.193933
59.000000	2.197828
60.000000	2.201791
61.000000	2.205591
62.000000	2.209616
63.000000	2.213312
64.000000	2.217382
65.000000	2.221130
66.000000	2.224977
67.000000	2.228841
68.000000	2.232531
69.000000	2.236497
70.000000	2.240331
71.000000	2.244051
72.000000	2.247951
73.000000	2.251722
74.000000	2.255535
75.000000	2.259399
76.000000	2.263192
77.000000	2.266822
78.000000	2.270618
79.000000	2.274641
80.000000	2.278207
81.000000	2.282012
82.000000	2.285827
83.000000	2.289662
84.000000	2.293156
85.000000	2.297103
86.000000	2.301069
87.000000	2.304576
88.000000	2.308377
89.000000	2.312067
90.000000	2.315742
91.000000	2.319566
92.000000	2.323257
93.000000	2.326647
94.000000	2.330719
95.000000	2.334317
96.000000	2.337964
97.000000	2.341679
98.000000	2.345744
99.000000	2.349228
100.000000	2.352920
101.000000	2.356530
102.000000	2.360190
103.000000	2.363892
104.000000	2.367548
105.000000	2.371330
106.000000	2.374991
107.000000	2.378838
108.000000	2.382327
109.000000	2.385882
110.000000	2.389817
111.000000	2.393299
112.000000	2.396720
113.000000	2.400456
114.000000	2.404219
115.000000	2.407875
116.000000	2.411491
117.000000	2.415185
118.000000	2.418583
119.000000	2.422340
120.000000	2.426022
121.000000	2.429553
122.000000	2.433209
123.000000	2.436774
124.000000	2.440254
125.000000	2.444027
126.000000	2.447489
127.000000	2.451245
128.000000	2.454821
129.000000	2.458500
130.000000	2.461940
131.000000	2.465630
132.000000	2.469162
133.000000	2.472558
134.000000	2.476223
135.000000	2.479822
136.000000	2.483585
137.000000	2.486983
138.000000	2.490488
139.000000	2.494224
140.000000	2.497530
141.000000	2.501274
142.000000	2.504569
143.000000	2.508213
144.000000	2.511875
145.000000	2.515340
146.000000	2.518887
147.000000	2.522225
148.000000	2.526130
149.000000	2.529698
150.000000	2.532895
151.000000	2.536530
152.000000	2.539951
153.000000	2.543584
154.000000	2.547154
155.000000	2.550523
156.000000	2.553831
157.000000	2.557269
158.000000	2.560891
159.000000	2.564524
160.000000	2.567768
161.000000	2.571475
162.000000	2.574903
163.000000	2.578302
164.000000	2.581683
165.000000	2.585329
166.000000	2.588875
167.000000	2.592340
168.000000	2.595613
169.000000	2.599076
170.000000	2.602812
171.000000	2.606006
172.000000	2.609364
173.000000	2.612962
174.000000	2.616507
175.000000	2.619714
176.000000	2.623257
177.000000	2.626575
178.000000	2.630103
179.000000	2.633562
180.000000	2.636945
181.000000	2.640503
182.000000	2.643678
183.000000	2.647340
184.000000	2.650574
185.000000	2.654044
186.000000	2.657419
187.000000	2.660840
188.000000	2.664236
189.000000	2.667842
190.000000	2.670851
191.000000	2.674457
192.000000	2.678023
193.000000	2.681281
194.000000	2.684559
195.000000	2.687848
196.000000	2.691492
197.000000	2.694544
198.000000	2.698119
199.000000	2.701458
200.000000	2.704720
201.000000	2.708376
202.000000	2.711726
203.000000	2.714878
204.000000	2.718501
205.000000	2.721644
206.000000	2.724859
207.000000	2.728317
208.000000	2.731626
209.000000	2.734995
210.000000	2.738519
211.000000	2.741735
212.000000	2.743735
213.000000	2.745284
214.000000	2.746881
215.000000	2.748529
216.000000	2.750157
217.000000	2.751454
218.000000	2.753223
219.000000	2.754774
220.000000	2.756329
221.000000	2.757954
222.000000	2.759490
223.000000	2.760947
224.000000	2.762591
225.000000	2.764161
226.000000	2.765673
227.000000	2.767295
228.000000	2.768817
229.000000	2.770454
230.000000	2.772045
231.000000	2.773471
232.000000	2.775066
233.000000	2.776680
234.000000	2.778183
235.000000	2.779708
236.000000	2.781320
237.000000	2.782823
238.000000	2.784489
239.000000	2.785931
240.000000	2.787421
241.000000	2.789069
242.000000	2.790512
243.000000	2.792120
244.000000	2.793671
245.000000	2.795275
246.000000	2.796717
247.000000	2.798310
248.000000	2.799899
249.000000	2.801263
250.000000	2.802941
251.000000	2.804429
252.000000	2.805928
253.000000	2.807616
254.000000	2.809104
255.000000	2.810588
256.000000	2.812166
257.000000	2.813622
258.000000	2.815114
259.000000	2.816699
260.000000	2.818208
261.000000	2.819713
262.000000	2.821185
263.000000	2.822759
264.000000	2.824202
265.000000	2.825848
266.000000	2.827275
267.000000	2.828891
268.000000	2.830409
269.000000	2.831927
270.000000	2.833409
271.000000	2.834972
272.000000	2.836596
273.000000	2.837929
274.000000	2.839449
275.000000	2.841052
276.000000	2.842473
277.000000	2.843966
278.000000	2.845537
279.000000	2.847010
280.000000	2.848620
281.000000	2.850110
282.000000	2.851561
283.000000	2.853068
284.000000	2.854506
285.000000	2.856110
286.000000	2.857540
287.000000	2.859018
288.000000	2.860546
289.000000	2.862061
290.000000	2.863491
291.000000	2.865059
292.000000	2.866612
293.000000	2.868072
294.000000	2.869562
295.000000	2.871071
296.000000	2.872465
297.000000	2.874029
298.000000	2.875482
299.000000	2.876813
300.000000	2.878507
301.000000	2.879865
302.000000	2.881427
303.000000	2.882858
304.000000	2.884432
305.000000	2.885821
306.000000	2.887349
307.000000	2.888838
308.000000	2.890345
309.000000	2.891791
310.000000	2.893245
311.000000	2.894779
312.000000	2.896210
313.000000	2.897696
314.000000	2.899206
315.000000	2.900627
316.000000	2.902077
317.000000	2.903546
318.000000	2.905000
319.000000	2.906553
320.000000	2.907956
321.000000	2.909396
322.000000	2.910889
323.000000	2.912342
324.000000	2.913897
325.000000	2.915306
326.000000	2.916861
327.000000	2.918267
328.000000	2.919608
329.000000	2.921201
330.000000	2.922529
331.000000	2.924034
332.000000	2.925544
333.000000	2.926909
334.000000	2.928366
335.000000	2.929942
336.000000	2.931355
337.000000	2.932753
338.000000	2.934176
339.000000	2.935628
340.000000	2.937076
341.000000	2.938489
342.000000	2.940093
343.000000	2.941386
344.000000	2.942956
345.000000	2.944317
346.000000	2.945761
347.000000	2.947222
348.000000	2.948725
349.000000	2.950125
350.000000	2.951596
351.000000	2.952952
352.000000	2.954407
353.000000	2.955823
354.000000	2.957242
355.000000	2.958648
356.000000	2.960146
357.000000	2.961530
358.000000	2.962943
359.000000	2.964416
360.000000	2.965957
361.000000	2.967236
362.000000	2.968638
363.000000	2.970087
364.000000	2.971604
365.000000	2.973051
366.000000	2.974439
367.000000	2.975904
368.000000	2.977321
369.000000	2.978765
370.000000	2.980072
371.000000	2.981539
372.000000	2.982923
373.000000	2.984413
374.000000	2.985799
375.000000	2.987266
376.000000	2.988675
377.000000	2.990075
378.000000	2.991496
379.000000	2.992890
380.000000	2.994307
381.000000	2.995769
382.000000	2.997224
383.000000	2.998574
384.000000	2.999978
385.000000	3.001487
386.000000	3.002731
387.000000	3.004249
388.000000	3.005613
389.000000	3.006904
390.000000	3.008447
391.000000	3.009743
392.000000	3.011223
393.000000	3.012667
394.000000	3.014023
395.000000	3.015402
396.000000	3.016818
397.000000	3.018183
398.000000	3.019579
399.000000	3.021016
400.000000	3.022417
401.000000	3.023730
402.000000	3.025212
403.000000	3.026568
404.000000	3.027982
405.000000	3.029305
406.000000	3.030767
407.000000	3.032226
408.000000	3.033563
409.000000	3.034906
410.000000	3.036348
411.000000	3.037708
412.000000	3.039137
413.000000	3.040602
414.000000	3.042004
415.000000	3.043381
416.000000	3.044622
417.000000	3.046087
418.000000	3.047468
419.000000	3.048794
420.000000	3.050185
421.000000	3.051539
422.000000	3.052939
423.000000	3.054290
424.000000	3.055779
425.000000	3.057080
426.000000	3.058537
427.000000	3.059788
428.000000	3.061316
429.000000	3.062631
430.000000	3.063979
431.000000	3.065398
432.000000	3.066777
433.000000	3.068080
434.000000	3.069450
435.000000	3.070951
436.000000	3.072307
437.000000	3.073595
438.000000	3.074962
439.000000	3.076360
440.000000	3.077789
441.000000	3.079066
442.000000	3.080372
443.000000	3.081760
444.000000	3.083248
445.000000	3.084543
446.000000	3.085842
447.000000	3.087309
448.000000	3.088636
449.000000	3.089958
450.000000	3.091247
451.000000	3.092688
452.000000	3.094095
453.000000	3.095375
454.000000	3.096732
455.000000	3.098151
456.000000	3.099522
457.000000	3.100758
458.000000	3.102180
459.000000	3.103581
460.000000	3.105048
461.000000	3.106301
462.000000	3.107626
463.000000	3.108989
464.000000	3.110349
465.000000	3.111691
466.000000	3.112995
467.000000	3.114333
468.000000	3.115712
469.000000	3.117068
470.000000	3.118441
471.000000	3.119737
472.000000	3.121144
473.000000	3.122439
474.000000	3.123744
475.000000	3.125092
476.000000	3.126466
477.000000	3.127770
478.000000	3.129187
479.000000	3.130455
480.000000	3.131881
481.000000	3.133097
482.000000	3.134539
483.000000	3.135777
484.000000	3.137138
485.000000	3.138530
486.000000	3.139884
487.000000	3.141126
488.000000	3.142511
489.000000	3.143777
490.000000	3.145190
491.000000	3.146407
492.000000	3.147711
493.000000	3.149111
494.000000	3.150496
495.000000	3.151753
496.000000	3.153148
497.000000	3.154437
498.000000	3.155798
499.000000	3.157191
500.000000	3.158425
501.000000	3.159676
502.000000	3.161061
503.000000	3.162382
